epoch, time, loss1, loss2, loss3, loss4, total_loss
0, 0.184, 0.8559648991, 0.0000420174, 0.0007598018, 0.4321896732, 1.2889564037
1, 0.378, 0.6935119033, 0.0001478112, 0.0069278819, 0.4329447150, 1.1335322857
2, 0.493, 0.7294676304, 0.0014285732, 0.0086205835, 0.4549671710, 1.1944838762
3, 0.606, 0.5428816080, 0.0031849977, 0.0122750001, 0.4263838232, 0.9847253561
4, 0.740, 0.5890129805, 0.0045980872, 0.0149218626, 0.4184959531, 1.0270287991
5, 0.856, 0.5218709111, 0.0049493648, 0.0160412714, 0.4129531085, 0.9558147192
6, 0.969, 0.5602558255, 0.0054420228, 0.0171481352, 0.4081127346, 0.9909586906
7, 1.095, 0.5343797803, 0.0057861009, 0.0174542479, 0.3866063058, 0.9442265034
8, 1.225, 0.5152132511, 0.0062173456, 0.0173252113, 0.3834524751, 0.9222083092
9, 1.342, 0.4355046153, 0.0064851693, 0.0169633981, 0.3636263907, 0.8225795627
10, 1.455, 0.5179064870, 0.0067408355, 0.0167691819, 0.3820688725, 0.9234853387
11, 1.636, 0.4435379803, 0.0072045308, 0.0178867485, 0.3630621135, 0.8316913843
12, 1.826, 0.3876154721, 0.0075606038, 0.0185967591, 0.3519626558, 0.7657355070
13, 1.954, 0.4621114731, 0.0076781930, 0.0190425105, 0.3672650754, 0.8560972214
14, 2.076, 0.3458400965, 0.0076468969, 0.0179687794, 0.3455939591, 0.7170497179
15, 2.248, 0.3564170599, 0.0072545414, 0.0138936816, 0.3498833776, 0.7274487019
16, 2.373, 0.2855879664, 0.0073447465, 0.0129507398, 0.3375548422, 0.6434383392
17, 2.494, 0.3223800063, 0.0074584554, 0.0118331779, 0.3475859165, 0.6892575622
18, 2.655, 0.3113782704, 0.0077751894, 0.0111072510, 0.3462380469, 0.6764987707
19, 2.801, 0.2781070471, 0.0079875253, 0.0092287986, 0.3439960778, 0.6393194199
20, 2.956, 0.2715984881, 0.0082186377, 0.0074432171, 0.3405661285, 0.6278264523
21, 3.105, 0.2643111348, 0.0082959998, 0.0057590501, 0.3449680507, 0.6233342886
22, 3.267, 0.2441326231, 0.0090896497, 0.0061429543, 0.3448553979, 0.6042206287
23, 3.385, 0.2242556214, 0.0096676899, 0.0057492717, 0.3312599957, 0.5709325671
24, 3.508, 0.2657079399, 0.0096460823, 0.0037428658, 0.3439976275, 0.6230945587
25, 3.665, 0.2391439229, 0.0099795610, 0.0034756381, 0.3391145766, 0.5917136669
26, 3.792, 0.2172686905, 0.0106219621, 0.0038674141, 0.3392121196, 0.5709701777
27, 3.953, 0.2290942967, 0.0111632198, 0.0039372128, 0.3394564092, 0.5836511254
28, 4.078, 0.2084811479, 0.0106261354, 0.0021405260, 0.3343183398, 0.5555661321
29, 4.243, 0.1914957464, 0.0108729284, 0.0014583427, 0.3361818790, 0.5400089025
30, 4.414, 0.2072846591, 0.0116023617, 0.0016025954, 0.3357166648, 0.5562062860
31, 4.542, 0.1868954748, 0.0118926130, 0.0017417721, 0.3289141953, 0.5294440389
32, 4.668, 0.1691599339, 0.0119536892, 0.0014829327, 0.3262108266, 0.5088074207
33, 4.790, 0.1916374415, 0.0120884236, 0.0011376471, 0.3338212371, 0.5386847258
34, 4.945, 0.1699827015, 0.0126958694, 0.0010029495, 0.3263140917, 0.5099955797
35, 5.069, 0.1780819297, 0.0128861656, 0.0007970501, 0.3226277530, 0.5143929124
36, 5.195, 0.1567149907, 0.0126804262, 0.0006198207, 0.3172923625, 0.4873076081
37, 5.324, 0.1583136469, 0.0126086250, 0.0005874943, 0.3164588511, 0.4879686236
38, 5.455, 0.1580157131, 0.0129592223, 0.0005858877, 0.3195107579, 0.4910715818
39, 5.610, 0.1469004601, 0.0135541102, 0.0006739662, 0.3135378957, 0.4746664166
40, 5.742, 0.1492783874, 0.0139960432, 0.0007370827, 0.3104102910, 0.4744217992
41, 5.864, 0.1333502233, 0.0138922809, 0.0005751602, 0.3095223308, 0.4573400021
42, 5.999, 0.1582029611, 0.0135841714, 0.0004993231, 0.3176467717, 0.4899332225
43, 6.128, 0.1535083354, 0.0135459667, 0.0004813948, 0.3152394295, 0.4827751219
44, 6.288, 0.1563797742, 0.0137831988, 0.0004324925, 0.3166861534, 0.4872816205
45, 6.411, 0.1354161948, 0.0143265296, 0.0003894508, 0.3066164851, 0.4567486644
46, 6.542, 0.1339685768, 0.0145402402, 0.0004228286, 0.3090520203, 0.4579836726
47, 6.678, 0.1411639303, 0.0144435056, 0.0004570886, 0.3074050844, 0.4634696245
48, 6.810, 0.1321691275, 0.0141960271, 0.0005531294, 0.3064211011, 0.4533393979
49, 6.936, 0.1345081925, 0.0141304759, 0.0006470346, 0.3039423525, 0.4532280564
50, 7.063, 0.1274822950, 0.0144047933, 0.0005589001, 0.3047839701, 0.4472299516
51, 7.192, 0.1274961531, 0.0147231901, 0.0004777429, 0.3036883771, 0.4463854730
52, 7.315, 0.1218375936, 0.0149675859, 0.0004497723, 0.3039108515, 0.4411658049
53, 7.440, 0.1264787465, 0.0148967896, 0.0005176751, 0.3046194613, 0.4465126991
54, 7.567, 0.1206224039, 0.0148796644, 0.0005434050, 0.3065100610, 0.4425555468
55, 7.694, 0.1173977852, 0.0150201414, 0.0004775372, 0.2997688651, 0.4326643348
56, 7.818, 0.1162729338, 0.0153105054, 0.0003608025, 0.2998477817, 0.4317920208
57, 7.942, 0.1181029901, 0.0154201332, 0.0003000001, 0.3027135134, 0.4365366399
58, 8.098, 0.1211428791, 0.0153530901, 0.0002679314, 0.3031905591, 0.4399544597
59, 8.227, 0.1134220138, 0.0150420880, 0.0003488359, 0.3003218770, 0.4291348159
60, 8.440, 0.1211148500, 0.0149020366, 0.0004497326, 0.2971243858, 0.4335910082
61, 8.568, 0.1072084904, 0.0151442811, 0.0002758256, 0.2964790165, 0.4191076159
62, 8.691, 0.1084782705, 0.0153923081, 0.0001733624, 0.2953394055, 0.4193833470
63, 8.907, 0.1109268740, 0.0154371271, 0.0001560394, 0.2915898860, 0.4181099534
64, 9.028, 0.1174127162, 0.0153108276, 0.0001402833, 0.2966892123, 0.4295530319
65, 9.158, 0.1109732538, 0.0149375387, 0.0001708301, 0.2954475880, 0.4215292037
66, 9.300, 0.1166171879, 0.0146177737, 0.0002797940, 0.2981346250, 0.4296493828
67, 9.510, 0.0997465923, 0.0145731196, 0.0003206698, 0.2876508534, 0.4022912383
68, 9.638, 0.1088226885, 0.0146151530, 0.0002825042, 0.2945680320, 0.4182883799
69, 9.765, 0.0968032405, 0.0146817705, 0.0002182008, 0.2932561636, 0.4049593806
70, 9.892, 0.1069654748, 0.0146668060, 0.0001737681, 0.2891432643, 0.4109493196
71, 10.071, 0.0987927616, 0.0145668220, 0.0001469716, 0.2904085815, 0.4039151371
72, 10.238, 0.1091768593, 0.0143921860, 0.0001317136, 0.2903957367, 0.4140964746
73, 10.363, 0.0933693424, 0.0141739827, 0.0001612797, 0.2842021585, 0.3919067681
74, 10.554, 0.1052000970, 0.0140022095, 0.0002071505, 0.2908574045, 0.4102668762
75, 10.685, 0.1001942754, 0.0139188087, 0.0002459947, 0.2830127478, 0.3973718286
76, 10.853, 0.1044921875, 0.0138511797, 0.0001988979, 0.2840162218, 0.4025585055
77, 10.975, 0.0951795876, 0.0138498750, 0.0001624534, 0.2832964957, 0.3924884200
78, 11.143, 0.0978138596, 0.0138593335, 0.0001732312, 0.2858699858, 0.3977164030
79, 11.290, 0.1010517851, 0.0138282171, 0.0001751256, 0.2861025631, 0.4011576772
80, 11.419, 0.0927256793, 0.0138075128, 0.0001939951, 0.2857232988, 0.3924504817
81, 11.554, 0.0994773433, 0.0137708420, 0.0002156143, 0.2824369073, 0.3959006965
82, 11.686, 0.1014778465, 0.0137380622, 0.0002294965, 0.2850928903, 0.4005382955
83, 11.824, 0.0963559896, 0.0137436287, 0.0002599706, 0.2808303833, 0.3911899924
84, 11.949, 0.0959754884, 0.0137660969, 0.0002425255, 0.2852591276, 0.3952432275
85, 12.093, 0.0957511142, 0.0136971641, 0.0002230076, 0.2781588435, 0.3878301382
86, 12.231, 0.0962053388, 0.0136410743, 0.0001668523, 0.2788157463, 0.3888290226
87, 12.396, 0.0936461240, 0.0136832539, 0.0001442599, 0.2773472667, 0.3848209083
88, 12.523, 0.1023150608, 0.0137856482, 0.0001426407, 0.2824517190, 0.3986950517
89, 12.674, 0.0903750211, 0.0138497064, 0.0001619162, 0.2774040997, 0.3817907572
90, 12.798, 0.0844624788, 0.0138431750, 0.0001930304, 0.2775467634, 0.3760454655
91, 12.924, 0.1011112407, 0.0137756811, 0.0002232589, 0.2781915069, 0.3933016956
92, 13.071, 0.0869712830, 0.0136429956, 0.0002076523, 0.2767873704, 0.3776093125
93, 13.197, 0.0995743945, 0.0135283517, 0.0001848760, 0.2755567133, 0.3888443410
94, 13.317, 0.0906483307, 0.0136009399, 0.0002102866, 0.2794141173, 0.3838736713
95, 13.434, 0.0899027288, 0.0137257529, 0.0002664758, 0.2812100053, 0.3851049542
96, 13.553, 0.0863751024, 0.0138362264, 0.0003862772, 0.2800680399, 0.3806656599
97, 13.684, 0.0855026841, 0.0138209518, 0.0003666352, 0.2701676786, 0.3698579669
98, 13.825, 0.0828945264, 0.0136980051, 0.0002590536, 0.2720165849, 0.3688681722
99, 13.951, 0.0941682607, 0.0135583589, 0.0001720578, 0.2709407210, 0.3788394034
100, 14.108, 0.0932787433, 0.0134994183, 0.0001346689, 0.2707116306, 0.3776244521
101, 14.255, 0.0911326930, 0.0135091310, 0.0001289444, 0.2747145593, 0.3794853389
102, 14.412, 0.0835454464, 0.0135063455, 0.0001071519, 0.2726882398, 0.3698471785
103, 14.541, 0.0837014019, 0.0134411575, 0.0001083646, 0.2721620500, 0.3694129586
104, 14.692, 0.0778682157, 0.0134752560, 0.0001486526, 0.2689172029, 0.3604093194
105, 14.818, 0.0846961513, 0.0135189136, 0.0002017196, 0.2703970075, 0.3688137829
106, 14.942, 0.0901592895, 0.0136018153, 0.0002737174, 0.2739523351, 0.3779871464
107, 15.069, 0.0910455510, 0.0136224721, 0.0003015646, 0.2671219707, 0.3720915616
108, 15.206, 0.0795509964, 0.0134989731, 0.0002084544, 0.2689875066, 0.3622459173
109, 15.340, 0.0829782337, 0.0133861527, 0.0001520145, 0.2691604793, 0.3656768799
110, 15.465, 0.0778657719, 0.0134151708, 0.0001320624, 0.2650465965, 0.3564596176
111, 15.589, 0.0859533027, 0.0133564398, 0.0001254536, 0.2682192326, 0.3676544428
112, 15.716, 0.0787879974, 0.0134249413, 0.0001240355, 0.2657558024, 0.3580927849
113, 15.842, 0.0816747770, 0.0135909664, 0.0001422612, 0.2667283416, 0.3621363640
114, 15.967, 0.0771306902, 0.0137771592, 0.0001729401, 0.2668918371, 0.3579726219
115, 16.105, 0.0796550885, 0.0137652056, 0.0001967342, 0.2650677562, 0.3586847782
116, 16.245, 0.0781748295, 0.0136409430, 0.0002024066, 0.2629570067, 0.3549751937
117, 16.369, 0.0829523876, 0.0134951286, 0.0001850789, 0.2684814036, 0.3651140034
118, 16.497, 0.0737167522, 0.0134840934, 0.0002103931, 0.2636058927, 0.3510171175
119, 16.623, 0.0720898807, 0.0134698860, 0.0002228047, 0.2604211569, 0.3462037444
120, 16.749, 0.0797402933, 0.0134428432, 0.0002074078, 0.2575021684, 0.3508927226
121, 16.876, 0.0746393949, 0.0134103242, 0.0001852407, 0.2601114810, 0.3483464420
122, 17.007, 0.0706820711, 0.0134331370, 0.0001867961, 0.2591589391, 0.3434609473
123, 17.139, 0.0796799064, 0.0134569630, 0.0002071074, 0.2639630437, 0.3573070168
124, 17.262, 0.0696001574, 0.0136720957, 0.0002692123, 0.2604805827, 0.3440220356
125, 17.383, 0.0745254830, 0.0138640217, 0.0003428606, 0.2622063160, 0.3509386778
126, 17.501, 0.0736170262, 0.0139717227, 0.0004223419, 0.2614325583, 0.3494436443
127, 17.630, 0.0703153089, 0.0140221650, 0.0004481414, 0.2556991577, 0.3404847682
128, 17.774, 0.0728109553, 0.0138463825, 0.0003763669, 0.2610969841, 0.3481307030
129, 17.896, 0.0726093277, 0.0135843670, 0.0002994215, 0.2590966523, 0.3455897570
130, 18.027, 0.0713905692, 0.0133597702, 0.0002418806, 0.2620696425, 0.3470618725
131, 18.152, 0.0743397251, 0.0133444993, 0.0002105797, 0.2533880174, 0.3412828147
132, 18.278, 0.0718542337, 0.0136152310, 0.0001820931, 0.2578575015, 0.3435090482
133, 18.403, 0.0647667050, 0.0138177676, 0.0001646746, 0.2585618794, 0.3373110294
134, 18.527, 0.0677699521, 0.0137741147, 0.0001720283, 0.2569537163, 0.3386698067
135, 18.650, 0.0696517155, 0.0137745384, 0.0002194346, 0.2565117180, 0.3401573896
136, 18.814, 0.0686009675, 0.0138409846, 0.0002741017, 0.2554459572, 0.3381620049
137, 18.946, 0.0683902055, 0.0138965454, 0.0003074147, 0.2581600249, 0.3407542109
138, 19.072, 0.0670093074, 0.0139177535, 0.0002820031, 0.2549675405, 0.3361766040
139, 19.200, 0.0646563768, 0.0139461793, 0.0002472317, 0.2544431090, 0.3332929015
140, 19.355, 0.0624599792, 0.0138470307, 0.0002062247, 0.2536037266, 0.3301169574
141, 19.479, 0.0711586252, 0.0136369076, 0.0001891858, 0.2507799864, 0.3357647061
142, 19.617, 0.0646758974, 0.0136119686, 0.0001880383, 0.2566091120, 0.3350850344
143, 19.746, 0.0693376958, 0.0136649339, 0.0001808072, 0.2546642423, 0.3378476799
144, 19.869, 0.0641892478, 0.0138687417, 0.0002097776, 0.2538824677, 0.3321502209
145, 19.993, 0.0688178912, 0.0140896467, 0.0002578687, 0.2491709590, 0.3323363662
146, 20.150, 0.0629079789, 0.0140501028, 0.0002467249, 0.2526289821, 0.3298338056
147, 20.277, 0.0672091320, 0.0136860684, 0.0001932368, 0.2516113818, 0.3326998353
148, 20.400, 0.0682079270, 0.0135490978, 0.0001646612, 0.2502512634, 0.3321729302
149, 20.543, 0.0655241087, 0.0136265503, 0.0001586657, 0.2501958013, 0.3295051455
150, 20.682, 0.0639055595, 0.0138419699, 0.0001692731, 0.2469710410, 0.3248878419
151, 20.816, 0.0612787791, 0.0140642300, 0.0001991585, 0.2513709664, 0.3269131482
152, 20.943, 0.0613309629, 0.0141492849, 0.0002363545, 0.2450363487, 0.3207529485
153, 21.117, 0.0608963743, 0.0140557569, 0.0002524272, 0.2474578917, 0.3226624429
154, 21.259, 0.0614396520, 0.0139131024, 0.0002336665, 0.2480783910, 0.3236648142
155, 21.408, 0.0613744371, 0.0139026139, 0.0002216627, 0.2471538484, 0.3226525784
156, 21.538, 0.0605319813, 0.0138539607, 0.0001957520, 0.2459310144, 0.3205127120
157, 21.725, 0.0659508854, 0.0138884606, 0.0001800064, 0.2526980937, 0.3327174485
158, 21.847, 0.0617356114, 0.0139319068, 0.0001646093, 0.2461367697, 0.3219688833
159, 21.995, 0.0603732876, 0.0139265275, 0.0001880874, 0.2450794727, 0.3195673823
160, 22.122, 0.0573459528, 0.0139664914, 0.0002333049, 0.2455499619, 0.3170956969
161, 22.248, 0.0645963103, 0.0139081338, 0.0002751964, 0.2454857230, 0.3242653608
162, 22.387, 0.0606489442, 0.0137965987, 0.0002683490, 0.2446854264, 0.3193993270
163, 22.516, 0.0637632906, 0.0137864873, 0.0002424483, 0.2436309904, 0.3214232326
164, 22.664, 0.0570688844, 0.0137613323, 0.0002353459, 0.2415918112, 0.3126573861
165, 22.789, 0.0597556271, 0.0137008419, 0.0002358720, 0.2441153079, 0.3178076446
166, 22.915, 0.0596487857, 0.0136754308, 0.0002412168, 0.2397686690, 0.3133341074
167, 23.038, 0.0591003150, 0.0135971010, 0.0002325131, 0.2417935878, 0.3147235215
168, 23.167, 0.0605587512, 0.0135399643, 0.0002338587, 0.2403574437, 0.3146900237
169, 23.320, 0.0583443567, 0.0134147555, 0.0002331477, 0.2410044372, 0.3129966855
170, 23.469, 0.0633772612, 0.0133000817, 0.0002217816, 0.2433774918, 0.3202766180
171, 23.593, 0.0555367284, 0.0135245686, 0.0002115840, 0.2385439128, 0.3078168035
172, 23.725, 0.0596833341, 0.0137336357, 0.0001982176, 0.2372330129, 0.3108482063
173, 23.890, 0.0585656464, 0.0136810895, 0.0001796409, 0.2410300970, 0.3134564757
174, 24.012, 0.0623721145, 0.0136668021, 0.0001771518, 0.2370185554, 0.3132346272
175, 24.135, 0.0545781367, 0.0134991910, 0.0001772357, 0.2380997837, 0.3063543439
176, 24.263, 0.0563728064, 0.0133641344, 0.0001846183, 0.2373005003, 0.3072220683
177, 24.386, 0.0586606897, 0.0132973539, 0.0001714586, 0.2364161015, 0.3085455894
178, 24.512, 0.0519053303, 0.0134206656, 0.0001359921, 0.2377165407, 0.3031785488
179, 24.634, 0.0548000596, 0.0134654520, 0.0001195526, 0.2366497815, 0.3050348461
180, 24.763, 0.0548421554, 0.0135260699, 0.0001239229, 0.2374384701, 0.3059306145
181, 24.925, 0.0565383472, 0.0136058982, 0.0001515812, 0.2378414869, 0.3081372976
182, 25.051, 0.0515905730, 0.0136904130, 0.0002200818, 0.2375083864, 0.3030094504
183, 25.179, 0.0609104782, 0.0135377720, 0.0002722350, 0.2344814539, 0.3092019558
184, 25.328, 0.0606749058, 0.0132257985, 0.0002626730, 0.2360510975, 0.3102144599
185, 25.457, 0.0533112399, 0.0130049959, 0.0002662250, 0.2374712378, 0.3040536940
186, 25.581, 0.0531728826, 0.0130813429, 0.0002272880, 0.2370136678, 0.3034951687
187, 25.707, 0.0539138839, 0.0131814424, 0.0001743474, 0.2308939099, 0.2981635928
188, 25.832, 0.0552524999, 0.0131345177, 0.0001521557, 0.2294875532, 0.2980267406
189, 25.959, 0.0503810160, 0.0130735533, 0.0001646531, 0.2334420979, 0.2970613241
190, 26.094, 0.0510948822, 0.0130332923, 0.0002049850, 0.2301313728, 0.2944645286
191, 26.220, 0.0524221100, 0.0130432304, 0.0002311052, 0.2315763235, 0.2972727716
192, 26.347, 0.0495701432, 0.0131856073, 0.0002250251, 0.2305099666, 0.2934907377
193, 26.482, 0.0516163222, 0.0132458461, 0.0001935873, 0.2300865948, 0.2951423526
194, 26.606, 0.0482477844, 0.0130207045, 0.0001634111, 0.2302399129, 0.2916718125
195, 26.735, 0.0527470224, 0.0127777886, 0.0001608389, 0.2294285446, 0.2951141894
196, 26.857, 0.0505032204, 0.0127349040, 0.0001251435, 0.2314215600, 0.2947848141
197, 26.981, 0.0531434752, 0.0127582550, 0.0001061021, 0.2317629158, 0.2977707386
198, 27.157, 0.0489266366, 0.0129011264, 0.0001270409, 0.2285458297, 0.2905006409
199, 27.283, 0.0472995378, 0.0128622949, 0.0001406755, 0.2306784242, 0.2909809351
200, 27.408, 0.0488683209, 0.0127226776, 0.0001402551, 0.2328233570, 0.2945546210
201, 27.535, 0.0471718982, 0.0125896148, 0.0001439106, 0.2286593616, 0.2885648012
202, 27.684, 0.0496217236, 0.0124351140, 0.0001383207, 0.2298159301, 0.2920110822
203, 27.813, 0.0506119318, 0.0123918280, 0.0001172051, 0.2248163521, 0.2879373133
204, 27.961, 0.0494326428, 0.0122984368, 0.0001124280, 0.2241882533, 0.2860317528
205, 28.086, 0.0456986837, 0.0122689698, 0.0001110347, 0.2274556756, 0.2855343819
206, 28.224, 0.0482895896, 0.0122753112, 0.0001190839, 0.2228482962, 0.2835322917
207, 28.347, 0.0456184670, 0.0123441378, 0.0001032704, 0.2254242003, 0.2834900618
208, 28.510, 0.0429767072, 0.0124252709, 0.0001068688, 0.2252881378, 0.2807969749
209, 28.644, 0.0447995104, 0.0124825202, 0.0001224804, 0.2232405096, 0.2806450129
210, 28.789, 0.0463431515, 0.0123613440, 0.0001264160, 0.2261493951, 0.2849802971
211, 28.942, 0.0440327041, 0.0122152893, 0.0001698078, 0.2244151235, 0.2808329165
212, 29.129, 0.0450532846, 0.0121692596, 0.0001658173, 0.2186982632, 0.2760866284
213, 29.251, 0.0460387841, 0.0121134715, 0.0001347741, 0.2246868759, 0.2829739153
214, 29.380, 0.0443838462, 0.0121797649, 0.0001120576, 0.2216445506, 0.2783202231
215, 29.505, 0.0407260060, 0.0120744808, 0.0001076981, 0.2206315845, 0.2735397816
216, 29.634, 0.0467197523, 0.0120079452, 0.0001145442, 0.2228475064, 0.2816897631
217, 29.761, 0.0418716259, 0.0120334364, 0.0001297763, 0.2234184593, 0.2774533033
218, 29.921, 0.0403697304, 0.0121399583, 0.0001298096, 0.2177024931, 0.2703419924
219, 30.048, 0.0417522565, 0.0121291438, 0.0001084325, 0.2194663137, 0.2734561563
220, 30.201, 0.0420162454, 0.0120231630, 0.0001142925, 0.2192971557, 0.2734508514
221, 30.351, 0.0417739525, 0.0119748898, 0.0001253899, 0.2203426063, 0.2742168307
222, 30.475, 0.0408985168, 0.0120075149, 0.0001215259, 0.2219703048, 0.2749978602
223, 30.604, 0.0401471443, 0.0120560303, 0.0001006867, 0.2182950377, 0.2705988884
224, 30.735, 0.0404658504, 0.0119849220, 0.0001326994, 0.2198197544, 0.2724032402
225, 30.859, 0.0407175533, 0.0119931400, 0.0001060425, 0.2147237808, 0.2675405145
226, 30.986, 0.0400373116, 0.0120373191, 0.0001045052, 0.2147124857, 0.2668916285
227, 31.125, 0.0416285060, 0.0119242799, 0.0001027049, 0.2115768045, 0.2652322948
228, 31.258, 0.0490580462, 0.0118846968, 0.0000943057, 0.2165044397, 0.2775414884
229, 31.411, 0.0425058194, 0.0119622713, 0.0000905269, 0.2158154547, 0.2703740597
230, 31.539, 0.0403689370, 0.0122107491, 0.0001137413, 0.2147457749, 0.2674391866
231, 31.668, 0.0397066511, 0.0122075342, 0.0001480689, 0.2159485966, 0.2680108547
232, 31.789, 0.0481526665, 0.0120138200, 0.0001756359, 0.2121333182, 0.2724754512
233, 31.914, 0.0411866792, 0.0118747707, 0.0001517006, 0.2154193670, 0.2686325312
234, 32.036, 0.0435673222, 0.0119648762, 0.0001155811, 0.2175247520, 0.2731725276
235, 32.164, 0.0402832292, 0.0119203292, 0.0001408080, 0.2143098265, 0.2666541934
236, 32.288, 0.0384657346, 0.0120463436, 0.0001009588, 0.2093340158, 0.2599470615
237, 32.451, 0.0400393121, 0.0120938132, 0.0001354579, 0.2120826542, 0.2643512487
238, 32.575, 0.0387015268, 0.0119460979, 0.0001490745, 0.2128783017, 0.2636750042
239, 32.717, 0.0388951264, 0.0119150551, 0.0000994757, 0.2120655328, 0.2629751861
240, 32.850, 0.0417734906, 0.0118907522, 0.0001481012, 0.2062445879, 0.2600569427
241, 32.979, 0.0417567194, 0.0119470628, 0.0001872811, 0.2057826072, 0.2596736550
242, 33.102, 0.0399222635, 0.0119297057, 0.0001306000, 0.2097824812, 0.2617650628
243, 33.288, 0.0375596881, 0.0119257756, 0.0001833998, 0.2084367722, 0.2581056356
244, 33.410, 0.0397767909, 0.0120190745, 0.0001220267, 0.2110175490, 0.2629354298
245, 33.538, 0.0445611738, 0.0121781798, 0.0001558620, 0.2089478225, 0.2658430338
246, 33.719, 0.0380881466, 0.0120275738, 0.0001075577, 0.2112466395, 0.2614699006
247, 33.846, 0.0457581729, 0.0117367944, 0.0001376996, 0.2072522789, 0.2648849487
248, 33.968, 0.0388552956, 0.0117855147, 0.0002716074, 0.2101228684, 0.2610352933
249, 34.088, 0.0378899574, 0.0118915988, 0.0001415850, 0.2074110657, 0.2573342025
250, 34.229, 0.0365171954, 0.0119810812, 0.0001510377, 0.2070204914, 0.2556698024
251, 34.357, 0.0358682126, 0.0120150270, 0.0001123078, 0.2038938701, 0.2518894076
252, 34.478, 0.0401075222, 0.0118734445, 0.0001396911, 0.2075638175, 0.2596844733
253, 34.646, 0.0413716249, 0.0119781094, 0.0001284361, 0.2033507824, 0.2568289638
254, 34.785, 0.0376011692, 0.0119286282, 0.0001589234, 0.2092872411, 0.2589759529
255, 34.932, 0.0350251272, 0.0117242942, 0.0001254123, 0.2051851302, 0.2520599663
256, 35.070, 0.0359280035, 0.0117527861, 0.0001400598, 0.2020243108, 0.2498451620
257, 35.194, 0.0337355509, 0.0118414937, 0.0001069381, 0.2038711011, 0.2495550811
258, 35.318, 0.0376239605, 0.0118672457, 0.0001257671, 0.2031513304, 0.2527683079
259, 35.480, 0.0339657031, 0.0118403686, 0.0001126479, 0.2045959532, 0.2505146861
260, 35.625, 0.0379251279, 0.0117438445, 0.0001178877, 0.2015796453, 0.2513664961
261, 35.781, 0.0349974856, 0.0117427511, 0.0001595895, 0.1995617002, 0.2464615256
262, 35.908, 0.0338169113, 0.0117630577, 0.0001306991, 0.2013102621, 0.2470209301
263, 36.059, 0.0364028364, 0.0118660955, 0.0001341164, 0.2006348670, 0.2490379214
264, 36.197, 0.0376533791, 0.0118932892, 0.0001101543, 0.2040182203, 0.2536750436
265, 36.328, 0.0342813544, 0.0119891306, 0.0001062813, 0.2018427551, 0.2482195199
266, 36.466, 0.0347061306, 0.0118479887, 0.0001101701, 0.1994865388, 0.2461508214
267, 36.627, 0.0392983630, 0.0117323743, 0.0001209043, 0.1994191557, 0.2505708039
268, 36.750, 0.0330527313, 0.0118602710, 0.0001343680, 0.1975828111, 0.2426301837
269, 36.913, 0.0360511914, 0.0118797291, 0.0001231161, 0.1938075125, 0.2418615520
270, 37.039, 0.0319212191, 0.0118294526, 0.0001471647, 0.1990488917, 0.2429467291
271, 37.200, 0.0356534310, 0.0118466606, 0.0001302279, 0.1964318007, 0.2440621257
272, 37.325, 0.0328334048, 0.0119332261, 0.0001291187, 0.1989973187, 0.2438930720
273, 37.484, 0.0329402275, 0.0118994946, 0.0001141464, 0.1973467916, 0.2423006594
274, 37.615, 0.0345328115, 0.0117557347, 0.0001326864, 0.1952706575, 0.2416918874
275, 37.744, 0.0331454538, 0.0117086703, 0.0001222607, 0.1930455118, 0.2380218953
276, 37.876, 0.0345832929, 0.0117019638, 0.0001225406, 0.1930788010, 0.2394866049
277, 38.003, 0.0372876413, 0.0117290579, 0.0001424678, 0.1942712069, 0.2434303761
278, 38.133, 0.0345903821, 0.0117439544, 0.0001527271, 0.1948272586, 0.2413143218
279, 38.258, 0.0303171109, 0.0117065692, 0.0001381189, 0.1917927712, 0.2339545786
280, 38.392, 0.0347986706, 0.0116601968, 0.0001468161, 0.1963018477, 0.2429075241
281, 38.523, 0.0335219577, 0.0118541438, 0.0001324518, 0.1901504248, 0.2356589735
282, 38.654, 0.0318340585, 0.0118916761, 0.0001215785, 0.1894376576, 0.2332849801
283, 38.818, 0.0339533724, 0.0117313061, 0.0001144541, 0.1906444430, 0.2364435792
284, 39.001, 0.0320409611, 0.0117328875, 0.0001162299, 0.1885925978, 0.2324826717
285, 39.125, 0.0309702270, 0.0116593111, 0.0001126573, 0.1909437329, 0.2336859256
286, 39.248, 0.0311239678, 0.0116475997, 0.0000984533, 0.1855670959, 0.2284371108
287, 39.377, 0.0313365236, 0.0116739264, 0.0001113985, 0.1914371848, 0.2345590293
288, 39.525, 0.0330867507, 0.0116720414, 0.0001028872, 0.1911315918, 0.2359932661
289, 39.652, 0.0307286885, 0.0118011348, 0.0000926475, 0.1868701875, 0.2294926643
290, 39.774, 0.0316018313, 0.0116424672, 0.0001286161, 0.1857017875, 0.2290747017
291, 39.905, 0.0419060215, 0.0116599295, 0.0001334141, 0.1940653920, 0.2477647513
292, 40.030, 0.0319356695, 0.0117355911, 0.0001463303, 0.1891056746, 0.2329232693
293, 40.180, 0.0315910392, 0.0116255581, 0.0001504799, 0.1867791116, 0.2301461846
294, 40.303, 0.0321780555, 0.0116482805, 0.0001341009, 0.1854294240, 0.2293898612
295, 40.431, 0.0332061164, 0.0117253261, 0.0001422589, 0.1872133911, 0.2322870940
296, 40.557, 0.0325248241, 0.0118310330, 0.0001465651, 0.1811590493, 0.2256614715
297, 40.724, 0.0327020809, 0.0117314290, 0.0001407594, 0.1873046756, 0.2318789512
298, 40.883, 0.0404596888, 0.0116868867, 0.0001442910, 0.1894771159, 0.2417679876
299, 41.010, 0.0309172403, 0.0116823558, 0.0001193091, 0.1844420582, 0.2271609604
300, 41.147, 0.0324428156, 0.0117374780, 0.0001051042, 0.1877636164, 0.2320490181
301, 41.299, 0.0366313793, 0.0117896600, 0.0001311039, 0.1897482276, 0.2383003682
302, 41.442, 0.0314143151, 0.0117296744, 0.0001406006, 0.1888799965, 0.2321645916
303, 41.571, 0.0316387974, 0.0117177516, 0.0001584260, 0.1851720065, 0.2286869884
304, 41.697, 0.0322720595, 0.0116569968, 0.0001652882, 0.1882297546, 0.2323240936
305, 41.818, 0.0323074348, 0.0117062656, 0.0001497863, 0.1836598963, 0.2278233767
306, 41.960, 0.0288523696, 0.0117034940, 0.0001076463, 0.1839187741, 0.2245822847
307, 42.108, 0.0323964506, 0.0117253875, 0.0001122127, 0.1880768538, 0.2323109061
308, 42.249, 0.0324400291, 0.0118626161, 0.0001196060, 0.1884091496, 0.2328314036
309, 42.382, 0.0294256266, 0.0117256921, 0.0001204749, 0.1857324839, 0.2270042747
310, 42.519, 0.0311695170, 0.0117209796, 0.0001491529, 0.1851208210, 0.2281604707
311, 42.682, 0.0305539370, 0.0117804008, 0.0001256127, 0.1866772175, 0.2291371673
312, 42.817, 0.0288147200, 0.0116891572, 0.0001401508, 0.1870876998, 0.2277317345
313, 42.940, 0.0280642658, 0.0118036056, 0.0001139439, 0.1825033277, 0.2224851400
314, 43.065, 0.0283499379, 0.0117650386, 0.0001014220, 0.1835410893, 0.2237574905
315, 43.201, 0.0305673070, 0.0116339466, 0.0000961240, 0.1837818623, 0.2260792404
316, 43.338, 0.0291777160, 0.0117520820, 0.0001547801, 0.1792095155, 0.2202940881
317, 43.486, 0.0277198143, 0.0118736420, 0.0001204937, 0.1794839501, 0.2191978991
318, 43.632, 0.0278372634, 0.0117999576, 0.0001483679, 0.1778489202, 0.2176345140
319, 43.772, 0.0340965986, 0.0117569361, 0.0001468528, 0.1795720011, 0.2255723923
320, 43.920, 0.0308573544, 0.0116693294, 0.0001281886, 0.1846845299, 0.2273394018
321, 44.056, 0.0323654190, 0.0120857954, 0.0001144715, 0.1779760867, 0.2225417793
322, 44.183, 0.0277925804, 0.0119027635, 0.0002148460, 0.1797440648, 0.2196542621
323, 44.316, 0.0293349065, 0.0116922576, 0.0001757809, 0.1817896217, 0.2229925692
324, 44.440, 0.0289554130, 0.0117111523, 0.0001310979, 0.1773189753, 0.2181166410
325, 44.562, 0.0271018408, 0.0117624411, 0.0001762223, 0.1801230311, 0.2191635370
326, 44.696, 0.0272774529, 0.0117596807, 0.0001380656, 0.1801182777, 0.2192934752
327, 44.824, 0.0275167823, 0.0117458040, 0.0001302140, 0.1780123413, 0.2174051404
328, 44.969, 0.0283331256, 0.0116762249, 0.0001188737, 0.1778078526, 0.2179360688
329, 45.093, 0.0262486897, 0.0116247572, 0.0001348465, 0.1763082147, 0.2143165171
330, 45.234, 0.0258666817, 0.0116987815, 0.0001234362, 0.1792045534, 0.2168934494
331, 45.393, 0.0265802573, 0.0117884986, 0.0001150374, 0.1789219230, 0.2174057066
332, 45.537, 0.0255836565, 0.0117315017, 0.0001477754, 0.1776379496, 0.2151008844
333, 45.665, 0.0300724953, 0.0116938306, 0.0001166650, 0.1833861768, 0.2252691686
334, 45.788, 0.0266685784, 0.0116510121, 0.0001479867, 0.1812217236, 0.2196893096
335, 45.910, 0.0249637105, 0.0116481306, 0.0000984117, 0.1758310795, 0.2125413269
336, 46.038, 0.0272413660, 0.0116009992, 0.0001166290, 0.1843845397, 0.2233435363
337, 46.167, 0.0293097496, 0.0115795340, 0.0000970643, 0.1769154370, 0.2179017812
338, 46.303, 0.0269165412, 0.0116440002, 0.0001068443, 0.1763636768, 0.2150310576
339, 46.425, 0.0262961369, 0.0117411278, 0.0001036896, 0.1795454919, 0.2176864445
340, 46.611, 0.0267274100, 0.0117080575, 0.0001119028, 0.1780074388, 0.2165548056
341, 46.739, 0.0246745944, 0.0116440132, 0.0001079186, 0.1765886247, 0.2130151540
342, 46.884, 0.0291054174, 0.0116299316, 0.0001096896, 0.1801476032, 0.2209926397
343, 47.011, 0.0256142188, 0.0117427995, 0.0001116965, 0.1743513495, 0.2118200660
344, 47.138, 0.0254099201, 0.0117048975, 0.0001076154, 0.1745341420, 0.2117565721
345, 47.267, 0.0271229614, 0.0117356209, 0.0001270907, 0.1767585278, 0.2157441974
346, 47.402, 0.0257151257, 0.0117557729, 0.0001041535, 0.1729170382, 0.2104920894
347, 47.532, 0.0321515426, 0.0117485244, 0.0000956361, 0.1730988324, 0.2170945406
348, 47.679, 0.0244159531, 0.0117450561, 0.0001018522, 0.1776460856, 0.2139089406
349, 47.811, 0.0235533845, 0.0117098000, 0.0001195794, 0.1710146368, 0.2063973993
350, 47.943, 0.0238972437, 0.0116632534, 0.0000950600, 0.1702653766, 0.2059209347
351, 48.087, 0.0259279180, 0.0116588194, 0.0001032551, 0.1729226410, 0.2106126249
352, 48.235, 0.0257301405, 0.0116643151, 0.0001009698, 0.1700246185, 0.2075200379
353, 48.369, 0.0250415672, 0.0117017115, 0.0001021378, 0.1708191037, 0.2076645195
354, 48.516, 0.0253928024, 0.0116768777, 0.0000993273, 0.1714369953, 0.2086060047
355, 48.658, 0.0249052756, 0.0116671678, 0.0001032414, 0.1691874415, 0.2058631182
356, 48.795, 0.0266443100, 0.0116571123, 0.0000881945, 0.1763176769, 0.2147073001
357, 48.934, 0.0249265116, 0.0116191097, 0.0001018899, 0.1715654731, 0.2082129866
358, 49.070, 0.0275616143, 0.0116426973, 0.0000997117, 0.1705018580, 0.2098058760
359, 49.210, 0.0240063164, 0.0116117280, 0.0000868155, 0.1657698452, 0.2014746964
360, 49.338, 0.0292543713, 0.0116421012, 0.0000961273, 0.1701272726, 0.2111198753
361, 49.485, 0.0266106464, 0.0116989184, 0.0001101591, 0.1715374142, 0.2099571377
362, 49.633, 0.0254612323, 0.0117148291, 0.0001283960, 0.1666132361, 0.2039176971
363, 49.767, 0.0276453532, 0.0117620230, 0.0001219765, 0.1734566689, 0.2129860222
364, 49.894, 0.0335340314, 0.0116752014, 0.0001246009, 0.1694792658, 0.2148130983
365, 50.021, 0.0244207066, 0.0116263311, 0.0001566347, 0.1739053875, 0.2101090550
366, 50.151, 0.0241591278, 0.0116044879, 0.0001481774, 0.1690709144, 0.2049826980
367, 50.309, 0.0303768124, 0.0115892561, 0.0001104644, 0.1682139933, 0.2102905214
368, 50.437, 0.0251799691, 0.0116333747, 0.0001096828, 0.1647944301, 0.2017174661
369, 50.595, 0.0238649938, 0.0117323408, 0.0001172873, 0.1670031399, 0.2027177662
370, 50.734, 0.0246761460, 0.0116529809, 0.0001355985, 0.1704378724, 0.2069025934
371, 50.858, 0.0250851102, 0.0116023850, 0.0001109985, 0.1734286100, 0.2102271020
372, 50.991, 0.0237902533, 0.0115889199, 0.0001073142, 0.1684776545, 0.2039641440
373, 51.112, 0.0241400693, 0.0116315251, 0.0001114565, 0.1697441041, 0.2056271583
374, 51.243, 0.0244083218, 0.0116770640, 0.0001185283, 0.1661691219, 0.2023730278
375, 51.369, 0.0228791516, 0.0116403168, 0.0001156089, 0.1644132584, 0.1990483403
376, 51.512, 0.0235290006, 0.0116892550, 0.0000980096, 0.1656812280, 0.2009974867
377, 51.648, 0.0236521997, 0.0117131947, 0.0001070006, 0.1643259823, 0.1997983754
378, 51.786, 0.0251734257, 0.0116409194, 0.0000990707, 0.1690504104, 0.2059638202
379, 51.916, 0.0235014427, 0.0117101977, 0.0000854271, 0.1655894071, 0.2008864731
380, 52.042, 0.0220469628, 0.0117104854, 0.0000850618, 0.1660117805, 0.1998542845
381, 52.175, 0.0235150177, 0.0115989698, 0.0000852630, 0.1636592150, 0.1988584697
382, 52.303, 0.0258060880, 0.0116382148, 0.0000821184, 0.1664366871, 0.2039631009
383, 52.427, 0.0217486359, 0.0118276291, 0.0000994226, 0.1638133228, 0.1974890083
384, 52.553, 0.0224085264, 0.0117210792, 0.0000938252, 0.1674539596, 0.2016773820
385, 52.685, 0.0218357276, 0.0118000871, 0.0001024892, 0.1660408080, 0.1997791082
386, 52.821, 0.0224744361, 0.0118738702, 0.0000927690, 0.1609850526, 0.1954261214
387, 52.952, 0.0211282615, 0.0116740903, 0.0001015351, 0.1627018750, 0.1956057549
388, 53.078, 0.0237019062, 0.0115757538, 0.0001050762, 0.1652727425, 0.2006554753
389, 53.209, 0.0257607251, 0.0116013847, 0.0001337372, 0.1648255289, 0.2023213804
390, 53.336, 0.0217943601, 0.0116256382, 0.0001120474, 0.1643770635, 0.1979091018
391, 53.461, 0.0243124813, 0.0116218850, 0.0000895083, 0.1657108516, 0.2017347217
392, 53.587, 0.0212021172, 0.0117222294, 0.0000811091, 0.1636281908, 0.1966336519
393, 53.721, 0.0224777870, 0.0117136752, 0.0000844643, 0.1636905223, 0.1979664564
394, 53.847, 0.0242851172, 0.0116755674, 0.0000972643, 0.1651396751, 0.2011976242
395, 53.972, 0.0249245334, 0.0117258318, 0.0000967319, 0.1664704531, 0.2032175511
396, 54.099, 0.0216892269, 0.0117524359, 0.0000968497, 0.1665323526, 0.2000708580
397, 54.226, 0.0227577668, 0.0117954118, 0.0001003182, 0.1641563922, 0.1988098919
398, 54.351, 0.0224097185, 0.0118156318, 0.0000893715, 0.1646173149, 0.1989320368
399, 54.490, 0.0233944114, 0.0117242057, 0.0000938392, 0.1630152315, 0.1982276887
400, 54.615, 0.0229398441, 0.0116798319, 0.0000885308, 0.1641619802, 0.1988701820
401, 54.783, 0.0229899827, 0.0118067162, 0.0000921087, 0.1641883850, 0.1990771890
402, 54.970, 0.0248198733, 0.0118292002, 0.0000816565, 0.1640259326, 0.2007566690
403, 55.105, 0.0263198409, 0.0118941404, 0.0000901105, 0.1656360626, 0.2039401531
404, 55.233, 0.0256445054, 0.0118932705, 0.0000998886, 0.1604945958, 0.1981322616
405, 55.399, 0.0223220401, 0.0118228169, 0.0000954438, 0.1607607603, 0.1950010657
406, 55.527, 0.0225458760, 0.0117162531, 0.0000978397, 0.1632156223, 0.1975755990
407, 55.657, 0.0221336354, 0.0118519757, 0.0000900801, 0.1658574939, 0.1999331862
408, 55.782, 0.0220706612, 0.0118823228, 0.0000964672, 0.1660077423, 0.2000571936
409, 55.908, 0.0221804120, 0.0117774718, 0.0000959953, 0.1562645733, 0.1903184503
410, 56.038, 0.0220402908, 0.0117493030, 0.0000763292, 0.1587142497, 0.1925801635
411, 56.167, 0.0210951064, 0.0118042240, 0.0001051538, 0.1569899470, 0.1899944246
412, 56.294, 0.0224259347, 0.0118052047, 0.0000913224, 0.1615597010, 0.1958821714
413, 56.421, 0.0220530722, 0.0117872348, 0.0001043210, 0.1549903452, 0.1889349669
414, 56.553, 0.0199751910, 0.0118497144, 0.0000788236, 0.1571035236, 0.1890072525
415, 56.687, 0.0214950088, 0.0117084738, 0.0000959847, 0.1589301378, 0.1922295988
416, 56.821, 0.0209365226, 0.0117207961, 0.0000834623, 0.1604049951, 0.1931457818
417, 56.963, 0.0232912321, 0.0117031028, 0.0000839493, 0.1608493328, 0.1959276199
418, 57.117, 0.0198951121, 0.0116892476, 0.0000744369, 0.1617214084, 0.1933802068
419, 57.275, 0.0204090327, 0.0117701069, 0.0000725121, 0.1579456478, 0.1901973039
420, 57.457, 0.0203528386, 0.0117838951, 0.0000778028, 0.1592305452, 0.1914450824
421, 57.589, 0.0194051061, 0.0117884343, 0.0000813148, 0.1557724774, 0.1870473325
422, 57.750, 0.0261523444, 0.0118033774, 0.0000838787, 0.1555181891, 0.1935577989
423, 57.877, 0.0212230422, 0.0118440539, 0.0000865538, 0.1595984101, 0.1927520633
424, 58.001, 0.0191515908, 0.0117430268, 0.0000809275, 0.1563696712, 0.1873452216
425, 58.130, 0.0204248820, 0.0118110832, 0.0000800384, 0.1580043733, 0.1903203726
426, 58.261, 0.0202388112, 0.0118796173, 0.0000780788, 0.1561874300, 0.1883839369
427, 58.389, 0.0200356673, 0.0118220178, 0.0000763095, 0.1566056758, 0.1885396689
428, 58.573, 0.0200186297, 0.0117268404, 0.0000862900, 0.1563424766, 0.1881742328
429, 58.711, 0.0220586006, 0.0118658263, 0.0000743038, 0.1586854160, 0.1926841438
430, 58.839, 0.0205972288, 0.0120351957, 0.0000886677, 0.1559216678, 0.1886427701
431, 59.030, 0.0192437246, 0.0117815379, 0.0000978301, 0.1548442990, 0.1859673858
432, 59.158, 0.0212503914, 0.0117353480, 0.0000803433, 0.1547208726, 0.1877869517
433, 59.280, 0.0192051530, 0.0120180007, 0.0000840029, 0.1560886353, 0.1873957962
434, 59.406, 0.0191366076, 0.0119812591, 0.0000839428, 0.1577895731, 0.1889913827
435, 59.570, 0.0183695536, 0.0117872134, 0.0000800052, 0.1542514414, 0.1844882071
436, 59.712, 0.0184037052, 0.0118633211, 0.0000674852, 0.1562626809, 0.1865971982
437, 59.878, 0.0197909661, 0.0120150559, 0.0000671490, 0.1569849402, 0.1888581067
438, 60.007, 0.0195924640, 0.0118301548, 0.0000738641, 0.1556020230, 0.1870985031
439, 60.139, 0.0213485844, 0.0117090764, 0.0000881152, 0.1584231257, 0.1915688962
440, 60.273, 0.0195858181, 0.0118534677, 0.0000874171, 0.1546967477, 0.1862234473
441, 60.408, 0.0195410401, 0.0118027478, 0.0000786998, 0.1570734829, 0.1884959638
442, 60.557, 0.0256452989, 0.0117679704, 0.0000660617, 0.1544406712, 0.1919199973
443, 60.691, 0.0231026970, 0.0118244346, 0.0000906687, 0.1568965316, 0.1919143349
444, 60.843, 0.0195279773, 0.0118568167, 0.0001056480, 0.1542796642, 0.1857701093
445, 60.969, 0.0202230439, 0.0119416984, 0.0001044133, 0.1559397429, 0.1882088929
446, 61.109, 0.0202464405, 0.0118989190, 0.0000989842, 0.1589302272, 0.1911745667
447, 61.264, 0.0260528680, 0.0118042910, 0.0001175652, 0.1549038738, 0.1928786039
448, 61.400, 0.0190060697, 0.0118110646, 0.0001272033, 0.1569586396, 0.1879029721
449, 61.530, 0.0193829387, 0.0118510993, 0.0001351753, 0.1574414521, 0.1888106614
450, 61.657, 0.0191631448, 0.0117898136, 0.0001304379, 0.1538424492, 0.1849258393
451, 61.781, 0.0192555469, 0.0117349131, 0.0001183200, 0.1542907506, 0.1853995323
452, 61.911, 0.0190072842, 0.0118344510, 0.0001006253, 0.1547609270, 0.1857032925
453, 62.032, 0.0187044982, 0.0118738078, 0.0000901617, 0.1514041722, 0.1820726395
454, 62.197, 0.0233265981, 0.0117684295, 0.0000922394, 0.1543269753, 0.1895142496
455, 62.321, 0.0189966410, 0.0117076207, 0.0000991738, 0.1495021433, 0.1803055853
456, 62.457, 0.0185169205, 0.0118433163, 0.0001024635, 0.1556434184, 0.1861061156
457, 62.653, 0.0185237639, 0.0118879620, 0.0000900523, 0.1516419053, 0.1821436882
458, 62.779, 0.0191378538, 0.0117095839, 0.0000910772, 0.1507899165, 0.1817284375
459, 62.902, 0.0179206245, 0.0116568347, 0.0000839273, 0.1512292325, 0.1808906198
460, 63.035, 0.0179958250, 0.0118054925, 0.0000894238, 0.1491995901, 0.1790903360
461, 63.169, 0.0189130995, 0.0118105039, 0.0000860236, 0.1487950832, 0.1796047091
462, 63.310, 0.0187611002, 0.0118018743, 0.0000903963, 0.1520942599, 0.1827476323
463, 63.439, 0.0169079602, 0.0119021116, 0.0000724473, 0.1485162377, 0.1773987561
464, 63.564, 0.0168522373, 0.0117883533, 0.0000820285, 0.1470545679, 0.1757771820
465, 63.691, 0.0169920065, 0.0116996933, 0.0000902991, 0.1492906064, 0.1780726016
466, 63.818, 0.0181843583, 0.0118144443, 0.0000688484, 0.1490272135, 0.1790948659
467, 63.948, 0.0185579807, 0.0118726632, 0.0000744628, 0.1504211575, 0.1809262633
468, 64.079, 0.0174649656, 0.0117139462, 0.0000887069, 0.1499095559, 0.1791771799
469, 64.207, 0.0164697357, 0.0117144138, 0.0000648644, 0.1461586803, 0.1744076908
470, 64.334, 0.0174720660, 0.0117358509, 0.0000588092, 0.1523953676, 0.1816620976
471, 64.470, 0.0172992125, 0.0116945961, 0.0000785943, 0.1473684758, 0.1764408797
472, 64.596, 0.0186333600, 0.0117496355, 0.0000647391, 0.1522540152, 0.1827017516
473, 64.730, 0.0194193497, 0.0118466532, 0.0000641354, 0.1501581669, 0.1814883053
474, 64.859, 0.0226889569, 0.0117626367, 0.0000800391, 0.1499042064, 0.1844358444
475, 65.006, 0.0210001245, 0.0117589226, 0.0000755032, 0.1437398642, 0.1765744090
476, 65.169, 0.0203539208, 0.0117743360, 0.0000691770, 0.1489912122, 0.1811886430
477, 65.335, 0.0196703430, 0.0117308088, 0.0001114210, 0.1489772201, 0.1804897934
478, 65.484, 0.0185034554, 0.0118562141, 0.0000903690, 0.1504539251, 0.1809039712
479, 65.608, 0.0190887190, 0.0118734427, 0.0000707273, 0.1487684697, 0.1798013598
480, 65.734, 0.0176616814, 0.0117761670, 0.0001092163, 0.1468594372, 0.1764065027
481, 65.870, 0.0182354078, 0.0118391747, 0.0001229952, 0.1481525749, 0.1783501506
482, 66.019, 0.0179603100, 0.0120630441, 0.0001028819, 0.1523148417, 0.1824410856
483, 66.145, 0.0197662879, 0.0118166767, 0.0001204890, 0.1480219513, 0.1797254086
484, 66.271, 0.0179595742, 0.0117895138, 0.0001142930, 0.1495313644, 0.1793947518
485, 66.409, 0.0181151181, 0.0117407851, 0.0000724759, 0.1497443020, 0.1796726882
486, 66.560, 0.0208300799, 0.0117610786, 0.0000787726, 0.1486212462, 0.1812911779
487, 66.685, 0.0212730709, 0.0117896283, 0.0000799185, 0.1436611712, 0.1768037975
488, 66.818, 0.0208087079, 0.0117873102, 0.0000932473, 0.1525781006, 0.1852673590
489, 66.942, 0.0174574889, 0.0118212067, 0.0000764433, 0.1484505981, 0.1778057367
490, 67.067, 0.0168037601, 0.0118085127, 0.0000561391, 0.1461881697, 0.1748565733
491, 67.217, 0.0162990689, 0.0117878392, 0.0000785731, 0.1447267234, 0.1728922129
492, 67.350, 0.0171724129, 0.0117846113, 0.0000733425, 0.1449741423, 0.1740045100
493, 67.475, 0.0164031722, 0.0117626404, 0.0000774717, 0.1466044486, 0.1748477370
494, 67.595, 0.0155469729, 0.0118123144, 0.0000785593, 0.1444280446, 0.1718658954
495, 67.722, 0.0161211751, 0.0117725031, 0.0000628338, 0.1440739185, 0.1720304340
496, 67.847, 0.0166950468, 0.0117653813, 0.0000738534, 0.1425149888, 0.1710492671
497, 67.976, 0.0160830617, 0.0117790876, 0.0000667464, 0.1421225965, 0.1700514853
498, 68.100, 0.0166283585, 0.0117882397, 0.0000579698, 0.1440631151, 0.1725376844
499, 68.232, 0.0163297113, 0.0118044475, 0.0000648203, 0.1469072998, 0.1751062870
500, 68.393, 0.0158176515, 0.0117666954, 0.0000530271, 0.1419972479, 0.1696346253
501, 68.518, 0.0169129949, 0.0117475949, 0.0000668178, 0.1444264054, 0.1731538177
502, 68.651, 0.0156143075, 0.0117924251, 0.0000658588, 0.1432173997, 0.1706900001
503, 68.778, 0.0189959835, 0.0118086021, 0.0000620673, 0.1451467425, 0.1760133952
504, 68.941, 0.0168515723, 0.0118160686, 0.0000674937, 0.1458010375, 0.1745361686
505, 69.069, 0.0165075902, 0.0118146557, 0.0000653936, 0.1396344751, 0.1680221111
506, 69.200, 0.0185647309, 0.0118426951, 0.0000523357, 0.1413715184, 0.1718312800
507, 69.331, 0.0165806282, 0.0118363127, 0.0000591365, 0.1473305672, 0.1758066416
508, 69.454, 0.0180439465, 0.0118610589, 0.0000680861, 0.1429608166, 0.1729339063
509, 69.581, 0.0160433762, 0.0118370214, 0.0000618984, 0.1461452097, 0.1740875095
510, 69.710, 0.0194348525, 0.0119293258, 0.0000638277, 0.1396210492, 0.1710490584
511, 69.862, 0.0155543555, 0.0122672934, 0.0000793475, 0.1398481578, 0.1677491516
512, 69.986, 0.0156523362, 0.0122447591, 0.0000685676, 0.1434567869, 0.1714224517
513, 70.110, 0.0156636015, 0.0119241532, 0.0000892351, 0.1441897154, 0.1718667001
514, 70.239, 0.0157295782, 0.0118955262, 0.0000825688, 0.1434486210, 0.1711562872
515, 70.376, 0.0173540227, 0.0118721910, 0.0000907863, 0.1420215070, 0.1713385135
516, 70.509, 0.0148350010, 0.0117640141, 0.0001042174, 0.1434400976, 0.1701433361
517, 70.638, 0.0169989374, 0.0118663842, 0.0000817015, 0.1422621161, 0.1712091416
518, 70.768, 0.0165108424, 0.0118842805, 0.0000865182, 0.1412411183, 0.1697227657
519, 70.899, 0.0162637401, 0.0117922770, 0.0000778442, 0.1443985254, 0.1725323796
520, 71.036, 0.0166808646, 0.0117928497, 0.0000692135, 0.1445043683, 0.1730473042
521, 71.168, 0.0187562015, 0.0117907356, 0.0000671797, 0.1426240951, 0.1732382178
522, 71.298, 0.0184276234, 0.0118958205, 0.0000762158, 0.1401946247, 0.1705942899
523, 71.426, 0.0161313172, 0.0118278647, 0.0000750738, 0.1429269463, 0.1709612012
524, 71.591, 0.0154572073, 0.0118068485, 0.0000827194, 0.1421298385, 0.1694766134
525, 71.741, 0.0168355480, 0.0118185701, 0.0000685207, 0.1428821981, 0.1716048419
526, 71.891, 0.0170031134, 0.0118348338, 0.0000682693, 0.1444943547, 0.1734005660
527, 72.015, 0.0169312023, 0.0118635306, 0.0000830842, 0.1394480318, 0.1683258414
528, 72.141, 0.0149611421, 0.0117631704, 0.0000819659, 0.1419701427, 0.1687764227
529, 72.277, 0.0256724339, 0.0117836446, 0.0000809242, 0.1399360746, 0.1774730831
530, 72.403, 0.0164726377, 0.0118643744, 0.0000878087, 0.1419348866, 0.1703597009
531, 72.536, 0.0187171623, 0.0119213602, 0.0001097243, 0.1432944089, 0.1740426570
532, 72.667, 0.0185914207, 0.0118699791, 0.0001088795, 0.1364778727, 0.1670481563
533, 72.797, 0.0157553833, 0.0119838668, 0.0000969976, 0.1385860592, 0.1664223075
534, 72.957, 0.0170515981, 0.0119033270, 0.0001129749, 0.1410614699, 0.1701293737
535, 73.082, 0.0164518021, 0.0119975070, 0.0000982523, 0.1382266432, 0.1667741984
536, 73.209, 0.0161882434, 0.0119855329, 0.0001034163, 0.1422059387, 0.1704831272
537, 73.334, 0.0165835898, 0.0118663292, 0.0001164141, 0.1368660927, 0.1654324234
538, 73.460, 0.0166511443, 0.0119141955, 0.0001017757, 0.1425441653, 0.1712112725
539, 73.592, 0.0156322531, 0.0118268039, 0.0000900271, 0.1394981593, 0.1670472473
540, 73.721, 0.0160775874, 0.0119432919, 0.0000835205, 0.1393917054, 0.1674961001
541, 73.854, 0.0152363684, 0.0118319103, 0.0001027492, 0.1379624605, 0.1651334912
542, 73.998, 0.0153023303, 0.0117923878, 0.0000757751, 0.1371571571, 0.1643276513
543, 74.119, 0.0173046216, 0.0118156616, 0.0000787477, 0.1347811371, 0.1639801711
544, 74.251, 0.0196876898, 0.0118823862, 0.0000968135, 0.1411528289, 0.1728197187
545, 74.399, 0.0169523396, 0.0119377272, 0.0000999965, 0.1395133287, 0.1685033888
546, 74.525, 0.0205148254, 0.0118601760, 0.0000827484, 0.1352810264, 0.1677387804
547, 74.648, 0.0159313325, 0.0118788909, 0.0001134139, 0.1335542649, 0.1614779085
548, 74.774, 0.0168811344, 0.0118380217, 0.0000886429, 0.1413116008, 0.1701194048
549, 74.902, 0.0169415064, 0.0120950304, 0.0000823921, 0.1381475627, 0.1672664881
550, 75.074, 0.0155467968, 0.0120048430, 0.0000828120, 0.1335807890, 0.1612152457
551, 75.200, 0.0155951269, 0.0119077461, 0.0000878500, 0.1346503198, 0.1622410417
552, 75.351, 0.0152876396, 0.0119376201, 0.0000775269, 0.1360488683, 0.1633516550
553, 75.472, 0.0145304035, 0.0119582517, 0.0000888891, 0.1384043396, 0.1649818867
554, 75.597, 0.0140765337, 0.0120203979, 0.0000783214, 0.1375473887, 0.1637226343
555, 75.728, 0.0198105518, 0.0118920729, 0.0000733684, 0.1342008114, 0.1659768075
556, 75.869, 0.0149464840, 0.0118901189, 0.0000785943, 0.1410387307, 0.1679539233
557, 75.999, 0.0190333053, 0.0118637485, 0.0000716093, 0.1404179037, 0.1713865697
558, 76.122, 0.0166552681, 0.0120265046, 0.0000768649, 0.1409591585, 0.1697178036
559, 76.252, 0.0150338821, 0.0121169109, 0.0000814269, 0.1377269328, 0.1649591476
560, 76.378, 0.0175539888, 0.0119767142, 0.0000816479, 0.1337643564, 0.1633767039
561, 76.541, 0.0169995166, 0.0120608509, 0.0000855002, 0.1352764368, 0.1644223034
562, 76.669, 0.0322773159, 0.0120633841, 0.0001103482, 0.1466559768, 0.1911070198
563, 76.799, 0.0160039626, 0.0122154700, 0.0001194652, 0.1374070942, 0.1657459885
564, 76.940, 0.0208915118, 0.0119662099, 0.0001243304, 0.1380825937, 0.1710646451
565, 77.088, 0.0209421180, 0.0120184356, 0.0001234264, 0.1394551843, 0.1725391597
566, 77.215, 0.0167628881, 0.0120443460, 0.0001006817, 0.1432698518, 0.1721777618
567, 77.349, 0.0151835848, 0.0121122133, 0.0001313220, 0.1431809217, 0.1706080437
568, 77.476, 0.0155434478, 0.0122751538, 0.0001313000, 0.1398046166, 0.1677545160
569, 77.602, 0.0179161243, 0.0120177669, 0.0000889862, 0.1438827664, 0.1739056408
570, 77.729, 0.0144630698, 0.0118926661, 0.0000891477, 0.1424866915, 0.1689315736
571, 77.857, 0.0153991394, 0.0118681863, 0.0000812734, 0.1421032101, 0.1694518030
572, 77.986, 0.0180725306, 0.0119038476, 0.0000856949, 0.1425453424, 0.1726074219
573, 78.106, 0.0173676684, 0.0120207723, 0.0000984347, 0.1430100352, 0.1724969149
574, 78.244, 0.0159268882, 0.0119240899, 0.0001047823, 0.1383750439, 0.1663307995
575, 78.381, 0.0147664677, 0.0119255390, 0.0000983330, 0.1396099627, 0.1664002985
576, 78.506, 0.0176267996, 0.0119179226, 0.0000807702, 0.1399051696, 0.1695306599
577, 78.696, 0.0174459256, 0.0119227367, 0.0000867116, 0.1384585202, 0.1679138988
578, 78.828, 0.0153920781, 0.0119070569, 0.0000798109, 0.1422437876, 0.1696227342
579, 78.985, 0.0152279083, 0.0119212037, 0.0001021351, 0.1365179271, 0.1637691706
580, 79.110, 0.0170385074, 0.0118808886, 0.0000965192, 0.1359462142, 0.1649621278
581, 79.248, 0.0161641110, 0.0118653812, 0.0000885118, 0.1372890472, 0.1654070467
582, 79.380, 0.0152196065, 0.0119535234, 0.0000864654, 0.1414224356, 0.1686820388
583, 79.522, 0.0178762954, 0.0119139077, 0.0000770849, 0.1390461028, 0.1689133942
584, 79.646, 0.0156096565, 0.0119193112, 0.0000834434, 0.1382573992, 0.1658698022
585, 79.775, 0.0143504655, 0.0119333891, 0.0000919441, 0.1396441907, 0.1660199910
586, 79.900, 0.0138703277, 0.0118818320, 0.0000755518, 0.1363188475, 0.1621465683
587, 80.029, 0.0142040420, 0.0118800001, 0.0000820575, 0.1347054243, 0.1608715206
588, 80.151, 0.0139842993, 0.0120188845, 0.0000853547, 0.1349820346, 0.1610705703
589, 80.276, 0.0144016547, 0.0121293766, 0.0000728455, 0.1347224712, 0.1613263488
590, 80.397, 0.0142782191, 0.0120233726, 0.0000623971, 0.1373096853, 0.1636736691
591, 80.526, 0.0143156648, 0.0119174402, 0.0000698523, 0.1331833750, 0.1594863385
592, 80.690, 0.0140769770, 0.0118696941, 0.0000675470, 0.1381012052, 0.1641154289
593, 80.850, 0.0137089603, 0.0118612628, 0.0000605843, 0.1334528178, 0.1590836197
594, 80.973, 0.0129348440, 0.0118234893, 0.0000713907, 0.1334298551, 0.1582595855
595, 81.102, 0.0224384051, 0.0118052736, 0.0000572796, 0.1383378953, 0.1726388633
596, 81.226, 0.0155016165, 0.0118801286, 0.0000727175, 0.1351812631, 0.1626357287
597, 81.359, 0.0133481110, 0.0118537843, 0.0000709125, 0.1328781843, 0.1581509858
598, 81.491, 0.0137172574, 0.0118910745, 0.0000731170, 0.1312105507, 0.1568920016
599, 81.646, 0.0176992621, 0.0118918438, 0.0000661669, 0.1372577101, 0.1669149846
600, 81.773, 0.0154138217, 0.0120113064, 0.0000840986, 0.1312623322, 0.1587715596
601, 81.905, 0.0134125669, 0.0119898114, 0.0000704325, 0.1323403865, 0.1578131914
602, 82.029, 0.0158447139, 0.0119045163, 0.0000745869, 0.1344017088, 0.1622255296
603, 82.154, 0.0154034290, 0.0119025595, 0.0000812608, 0.1305961311, 0.1579833776
604, 82.279, 0.0150998086, 0.0118784737, 0.0000597134, 0.1341952533, 0.1612332463
605, 82.402, 0.0145315658, 0.0119648287, 0.0000723120, 0.1309628636, 0.1575315744
606, 82.536, 0.0143568348, 0.0119458782, 0.0000737745, 0.1320041120, 0.1583805978
607, 82.666, 0.0142824026, 0.0119934054, 0.0000686566, 0.1322467178, 0.1585911810
608, 82.801, 0.0133184846, 0.0120730083, 0.0000763042, 0.1314617544, 0.1569295526
609, 82.932, 0.0141520305, 0.0120330546, 0.0000565970, 0.1340458095, 0.1602874845
610, 83.077, 0.0141766267, 0.0119362641, 0.0000754206, 0.1354648322, 0.1616531461
611, 83.202, 0.0156813618, 0.0119809555, 0.0000731229, 0.1329227388, 0.1606581807
612, 83.337, 0.0128029725, 0.0119624138, 0.0000577329, 0.1307799518, 0.1556030661
613, 83.458, 0.0137034347, 0.0119037256, 0.0000781440, 0.1326438189, 0.1583291292
614, 83.581, 0.0142184924, 0.0119417459, 0.0000767192, 0.1297735721, 0.1560105234
615, 83.704, 0.0134677170, 0.0119842747, 0.0000522887, 0.1318092048, 0.1573134810
616, 83.832, 0.0138492910, 0.0120171318, 0.0000600947, 0.1330215931, 0.1589481086
617, 83.984, 0.0128381262, 0.0119469697, 0.0000687879, 0.1320418715, 0.1568957567
618, 84.145, 0.0133490553, 0.0119360648, 0.0000557116, 0.1316602826, 0.1570011079
619, 84.276, 0.0147934910, 0.0119755138, 0.0000524641, 0.1287344396, 0.1555559039
620, 84.409, 0.0154859805, 0.0119646080, 0.0000524866, 0.1331979930, 0.1607010663
621, 84.535, 0.0128013575, 0.0119400239, 0.0000558323, 0.1323440820, 0.1571412981
622, 84.698, 0.0151665257, 0.0120002730, 0.0000557261, 0.1307638735, 0.1579864025
623, 84.824, 0.0149372471, 0.0120508224, 0.0000546734, 0.1305202097, 0.1575629562
624, 84.948, 0.0138975540, 0.0119485911, 0.0000652018, 0.1333791763, 0.1592905223
625, 85.096, 0.0144419475, 0.0119370110, 0.0000491312, 0.1312050521, 0.1576331407
626, 85.220, 0.0138599528, 0.0119496603, 0.0000462293, 0.1339674145, 0.1598232538
627, 85.346, 0.0138823660, 0.0119682346, 0.0000590690, 0.1314214766, 0.1573311388
628, 85.476, 0.0130523974, 0.0119746262, 0.0000652055, 0.1341852695, 0.1592774987
629, 85.621, 0.0133319171, 0.0119425599, 0.0000479104, 0.1300749928, 0.1553973854
630, 85.750, 0.0124328611, 0.0119452095, 0.0000522934, 0.1286963820, 0.1531267464
631, 85.873, 0.0162765477, 0.0119499918, 0.0000410822, 0.1312636584, 0.1595312804
632, 85.996, 0.0136024775, 0.0119431997, 0.0000475428, 0.1289236993, 0.1545169204
633, 86.122, 0.0157786980, 0.0119221453, 0.0000507172, 0.1292887479, 0.1570403129
634, 86.251, 0.0130722532, 0.0119998604, 0.0000567194, 0.1284720898, 0.1536009163
635, 86.377, 0.0135838622, 0.0119766220, 0.0000490123, 0.1292110085, 0.1548205018
636, 86.517, 0.0172798075, 0.0119354622, 0.0000580283, 0.1307510883, 0.1600243896
637, 86.665, 0.0140148252, 0.0120459199, 0.0000668200, 0.1307748556, 0.1569024175
638, 86.792, 0.0161094945, 0.0120115224, 0.0000478987, 0.1298188269, 0.1579877436
639, 86.924, 0.0145111308, 0.0119686397, 0.0000562024, 0.1294906139, 0.1560265869
640, 87.050, 0.0168784354, 0.0119841155, 0.0000688278, 0.1325627267, 0.1614941061
641, 87.174, 0.0143067371, 0.0119826738, 0.0000576578, 0.1305033565, 0.1568504274
642, 87.301, 0.0135826804, 0.0120389778, 0.0000793633, 0.1263586581, 0.1520596743
643, 87.431, 0.0180625413, 0.0119973300, 0.0000632666, 0.1260491610, 0.1561723053
644, 87.557, 0.0159109663, 0.0120092640, 0.0000634694, 0.1290662289, 0.1570499241
645, 87.682, 0.0138668977, 0.0120120784, 0.0000433938, 0.1299495399, 0.1558719128
646, 87.819, 0.0143769253, 0.0120545914, 0.0000483254, 0.1287279278, 0.1552077681
647, 87.947, 0.0170963779, 0.0119784325, 0.0000551678, 0.1297522187, 0.1588822007
648, 88.074, 0.0145136304, 0.0119665172, 0.0000495960, 0.1285740733, 0.1551038176
649, 88.224, 0.0191306099, 0.0119583504, 0.0000644285, 0.1216510013, 0.1528043896
650, 88.356, 0.0134318899, 0.0119653353, 0.0000623900, 0.1278210878, 0.1532807052
651, 88.518, 0.0144045567, 0.0120061198, 0.0000637216, 0.1249348149, 0.1514092088
652, 88.641, 0.0180695858, 0.0120079601, 0.0000564873, 0.1320057660, 0.1621398032
653, 88.794, 0.0192325190, 0.0119581446, 0.0000592806, 0.1290869266, 0.1603368670
654, 88.921, 0.0143367117, 0.0119659249, 0.0000824299, 0.1273877025, 0.1537727714
655, 89.072, 0.0131024374, 0.0120232236, 0.0000696244, 0.1289961785, 0.1541914642
656, 89.200, 0.0151515314, 0.0120216478, 0.0000700121, 0.1260026693, 0.1532458663
657, 89.327, 0.0143501107, 0.0119921947, 0.0000697479, 0.1265932620, 0.1530053169
658, 89.457, 0.0142530967, 0.0119965049, 0.0000696708, 0.1289523095, 0.1552715898
659, 89.582, 0.0163139310, 0.0121245896, 0.0000743393, 0.1259247810, 0.1544376463
660, 89.713, 0.0144766234, 0.0122269774, 0.0000835093, 0.1244778782, 0.1512649953
661, 89.865, 0.0159292091, 0.0122227296, 0.0000690052, 0.1269010603, 0.1551220119
662, 90.009, 0.0144141540, 0.0120086269, 0.0000681828, 0.1304282993, 0.1569192559
663, 90.138, 0.0189540032, 0.0120568648, 0.0000804380, 0.1281855702, 0.1592768729
664, 90.295, 0.0139852483, 0.0120577123, 0.0000791808, 0.1303777099, 0.1564998478
665, 90.421, 0.0139926495, 0.0119980499, 0.0000781746, 0.1322090030, 0.1582778692
666, 90.548, 0.0141673600, 0.0119605483, 0.0000890802, 0.1302128881, 0.1564298719
667, 90.678, 0.0127773499, 0.0119769601, 0.0000838350, 0.1286454946, 0.1534836441
668, 90.823, 0.0216569714, 0.0120143387, 0.0000857670, 0.1232401952, 0.1569972783
669, 90.953, 0.0141859092, 0.0120765325, 0.0000906503, 0.1334219277, 0.1597750187
670, 91.087, 0.0201703608, 0.0120968679, 0.0000772017, 0.1269063503, 0.1592507809
671, 91.254, 0.0137089938, 0.0120878574, 0.0001177464, 0.1306053847, 0.1565199792
672, 91.392, 0.0148361046, 0.0120374560, 0.0000853993, 0.1326178461, 0.1595768034
673, 91.539, 0.0153065640, 0.0120926313, 0.0000708031, 0.1269145310, 0.1543845236
674, 91.704, 0.0136642512, 0.0120516736, 0.0000872256, 0.1274281591, 0.1532313079
675, 91.848, 0.0129533829, 0.0120036164, 0.0000795692, 0.1292945445, 0.1543311179
676, 91.976, 0.0156769939, 0.0121832872, 0.0000746824, 0.1282304823, 0.1561654508
677, 92.124, 0.0157579444, 0.0120547907, 0.0000596649, 0.1292608976, 0.1571332961
678, 92.253, 0.0134687815, 0.0119700069, 0.0000709783, 0.1259666383, 0.1514764130
679, 92.388, 0.0129226567, 0.0120126912, 0.0000631891, 0.1271809638, 0.1521794945
680, 92.528, 0.0131698865, 0.0120092882, 0.0000577253, 0.1300593019, 0.1552962065
681, 92.677, 0.0124306474, 0.0120977117, 0.0000704894, 0.1302050948, 0.1548039466
682, 92.857, 0.0130687971, 0.0120300679, 0.0000668260, 0.1304225475, 0.1555882394
683, 93.021, 0.0156612061, 0.0120093143, 0.0000553648, 0.1263235956, 0.1540494859
684, 93.148, 0.0139925955, 0.0121237570, 0.0000648125, 0.1297501475, 0.1559313089
685, 93.275, 0.0132461051, 0.0122613367, 0.0000599300, 0.1283363849, 0.1539037526
686, 93.409, 0.0192107391, 0.0121680731, 0.0000636863, 0.1288774163, 0.1603199244
687, 93.552, 0.0147730513, 0.0120034898, 0.0000850835, 0.1293404996, 0.1562021226
688, 93.677, 0.0151192304, 0.0120231640, 0.0000672634, 0.1286431551, 0.1558528095
689, 93.814, 0.0133682713, 0.0120311035, 0.0000749334, 0.1326375306, 0.1581118405
690, 93.936, 0.0131519781, 0.0121408608, 0.0000819776, 0.1310918182, 0.1564666331
691, 94.070, 0.0171605963, 0.0121078854, 0.0000630709, 0.1300314516, 0.1593630016
692, 94.229, 0.0128260255, 0.0120414672, 0.0000817324, 0.1304966509, 0.1554458737
693, 94.354, 0.0120522631, 0.0120233679, 0.0000712304, 0.1306151897, 0.1547620595
694, 94.481, 0.0271210689, 0.0120921843, 0.0000709259, 0.1306179464, 0.1699021310
695, 94.610, 0.0127453310, 0.0121638663, 0.0000935230, 0.1269944906, 0.1519972086
696, 94.734, 0.0124145355, 0.0120614097, 0.0000745997, 0.1293110400, 0.1538615823
697, 94.871, 0.0125166075, 0.0120369811, 0.0000770732, 0.1280562580, 0.1526869237
698, 95.017, 0.0148596549, 0.0120119061, 0.0000597949, 0.1268023551, 0.1537337154
699, 95.155, 0.0160496868, 0.0122094899, 0.0000744324, 0.1250394285, 0.1533730328
700, 95.323, 0.0120096384, 0.0123017645, 0.0000622543, 0.1305828393, 0.1549564898
701, 95.458, 0.0138598206, 0.0121729085, 0.0000603605, 0.1308611482, 0.1569542438
702, 95.582, 0.0156163815, 0.0119994385, 0.0000713090, 0.1273759454, 0.1550630778
703, 95.711, 0.0238437429, 0.0119802793, 0.0000782420, 0.1316746920, 0.1675769538
704, 95.839, 0.0117702978, 0.0120972209, 0.0000968840, 0.1248426959, 0.1488070935
705, 95.964, 0.0127780773, 0.0120424638, 0.0000770265, 0.1273422390, 0.1522397995
706, 96.100, 0.0134305023, 0.0119890533, 0.0000986570, 0.1308379620, 0.1563561708
707, 96.240, 0.0155872544, 0.0119321337, 0.0000922495, 0.1277209222, 0.1553325653
708, 96.370, 0.0154578285, 0.0120334933, 0.0000801883, 0.1288433373, 0.1564148515
709, 96.495, 0.0126230223, 0.0121268397, 0.0000697757, 0.1272946745, 0.1521143168
710, 96.629, 0.0124403862, 0.0121463398, 0.0000630598, 0.1278846860, 0.1525344700
711, 96.757, 0.0192139503, 0.0120706223, 0.0000784047, 0.1215567887, 0.1529197693
712, 96.883, 0.0122633372, 0.0120664388, 0.0000800762, 0.1275300086, 0.1519398689
713, 97.047, 0.0127117336, 0.0120006045, 0.0000701875, 0.1263593435, 0.1511418670
714, 97.191, 0.0159242731, 0.0119878491, 0.0000676498, 0.1279322356, 0.1559120119
715, 97.313, 0.0128112258, 0.0119907586, 0.0000719438, 0.1259610355, 0.1508349627
716, 97.448, 0.0127872201, 0.0119732004, 0.0000730873, 0.1260619164, 0.1508954167
717, 97.593, 0.0124297570, 0.0119925877, 0.0000909743, 0.1245237365, 0.1490370482
718, 97.717, 0.0125260949, 0.0119586010, 0.0000762029, 0.1292870641, 0.1538479626
719, 97.847, 0.0118335886, 0.0119877057, 0.0000606350, 0.1252222061, 0.1491041332
720, 97.997, 0.0166768972, 0.0119747659, 0.0000522718, 0.1248702034, 0.1535741389
721, 98.125, 0.0126346285, 0.0120156445, 0.0000693588, 0.1262494326, 0.1509690583
722, 98.294, 0.0122606885, 0.0120132212, 0.0000700807, 0.1268720925, 0.1512160897
723, 98.449, 0.0148878377, 0.0120551717, 0.0000675414, 0.1287236810, 0.1557342261
724, 98.578, 0.0126341153, 0.0120253228, 0.0000801321, 0.1247277185, 0.1494672894
725, 98.702, 0.0121689178, 0.0120829027, 0.0000632926, 0.1314584613, 0.1557735801
726, 98.829, 0.0120976353, 0.0120402258, 0.0000653355, 0.1221815720, 0.1463847756
727, 98.959, 0.0127645424, 0.0120883957, 0.0000738985, 0.1265897006, 0.1515165418
728, 99.096, 0.0124829691, 0.0119839041, 0.0000663324, 0.1248427257, 0.1493759304
729, 99.221, 0.0113652172, 0.0119901448, 0.0000757467, 0.1249335706, 0.1483646780
730, 99.361, 0.0115204621, 0.0120961610, 0.0000604242, 0.1272237599, 0.1509008110
731, 99.492, 0.0120128551, 0.0121048428, 0.0000667884, 0.1250408888, 0.1492253691
732, 99.623, 0.0157551710, 0.0119765652, 0.0000736802, 0.1248429418, 0.1526483595
733, 99.750, 0.0123016862, 0.0119977258, 0.0000748418, 0.1244868040, 0.1488610506
734, 99.883, 0.0120728537, 0.0120749865, 0.0000548326, 0.1256297827, 0.1498324573
735, 100.006, 0.0123002436, 0.0120326644, 0.0000790031, 0.1210655496, 0.1454774588
736, 100.182, 0.0156753678, 0.0120207062, 0.0000692929, 0.1243915260, 0.1521568894
737, 100.307, 0.0119141201, 0.0120355906, 0.0000538381, 0.1268540472, 0.1508575976
738, 100.431, 0.0120152915, 0.0120736044, 0.0000674832, 0.1218715683, 0.1460279524
739, 100.558, 0.0137980124, 0.0121077802, 0.0000757142, 0.1235654950, 0.1495469958
740, 100.680, 0.0126345372, 0.0120506743, 0.0000521991, 0.1217562258, 0.1464936435
741, 100.819, 0.0140727013, 0.0120074721, 0.0000511406, 0.1242311001, 0.1503624171
742, 100.966, 0.0113304583, 0.0119900368, 0.0000709359, 0.1210842878, 0.1444757134
743, 101.117, 0.0139463823, 0.0120962318, 0.0000769181, 0.1238864735, 0.1500060111
744, 101.244, 0.0167016331, 0.0121115427, 0.0000610989, 0.1199712902, 0.1488455683
745, 101.379, 0.0158022922, 0.0120358132, 0.0000679048, 0.1260336339, 0.1539396495
746, 101.504, 0.0126505960, 0.0120986830, 0.0000672008, 0.1220396310, 0.1468561143
747, 101.629, 0.0124486508, 0.0120940506, 0.0000786431, 0.1243878007, 0.1490091383
748, 101.760, 0.0121441688, 0.0120436940, 0.0000744904, 0.1198135316, 0.1440758854
749, 101.891, 0.0117256586, 0.0121213691, 0.0000651587, 0.1214228794, 0.1453350633
750, 102.022, 0.0152195971, 0.0121373888, 0.0000683345, 0.1216944233, 0.1491197497
751, 102.160, 0.0107055902, 0.0121937413, 0.0000653433, 0.1222429499, 0.1452076286
752, 102.290, 0.0189680234, 0.0120894173, 0.0000549993, 0.1255492866, 0.1566617191
753, 102.428, 0.0129999975, 0.0120006641, 0.0000543081, 0.1204197556, 0.1454747319
754, 102.561, 0.0121901035, 0.0120260185, 0.0000590862, 0.1174370944, 0.1417123079
755, 102.714, 0.0122178039, 0.0120302951, 0.0000619858, 0.1200569272, 0.1443670094
756, 102.839, 0.0115895690, 0.0120757557, 0.0000500629, 0.1209307909, 0.1446461827
757, 102.973, 0.0115067521, 0.0121188099, 0.0000504338, 0.1225283667, 0.1462043673
758, 103.111, 0.0131383110, 0.0121117681, 0.0000430541, 0.1225867718, 0.1478798985
759, 103.247, 0.0123898368, 0.0120698586, 0.0000511795, 0.1233936325, 0.1479045153
760, 103.393, 0.0119033000, 0.0120120347, 0.0000696869, 0.1245735288, 0.1485585570
761, 103.523, 0.0175202210, 0.0120651303, 0.0000587169, 0.1220301390, 0.1516742110
762, 103.657, 0.0121905133, 0.0121474657, 0.0000613275, 0.1232755631, 0.1476748735
763, 103.785, 0.0138345826, 0.0120949280, 0.0000615925, 0.1191422269, 0.1451333314
764, 103.951, 0.0162944309, 0.0120392442, 0.0000815965, 0.1219995096, 0.1504147798
765, 104.109, 0.0146107320, 0.0122054107, 0.0000924004, 0.1229125261, 0.1498210728
766, 104.231, 0.0170860179, 0.0123851644, 0.0000606987, 0.1201374978, 0.1496693790
767, 104.360, 0.0139422845, 0.0121920118, 0.0000671066, 0.1200981513, 0.1462995559
768, 104.480, 0.0126820011, 0.0122264707, 0.0000734034, 0.1236184463, 0.1486003250
769, 104.612, 0.0133817587, 0.0121300332, 0.0000482936, 0.1254832596, 0.1510433406
770, 104.738, 0.0124543523, 0.0121483458, 0.0000596756, 0.1218565255, 0.1465189010
771, 104.867, 0.0123382090, 0.0120143918, 0.0000486003, 0.1222086400, 0.1466098428
772, 104.997, 0.0136924004, 0.0120306062, 0.0000526514, 0.1253558099, 0.1511314660
773, 105.125, 0.0139936032, 0.0120645203, 0.0000544162, 0.1224154606, 0.1485279948
774, 105.263, 0.0120653538, 0.0122800926, 0.0000732372, 0.1250556260, 0.1494743079
775, 105.392, 0.0122643216, 0.0121014481, 0.0000517047, 0.1272748858, 0.1516923606
776, 105.529, 0.0125196995, 0.0120276399, 0.0000664704, 0.1254822761, 0.1500960886
777, 105.657, 0.0157639962, 0.0120206615, 0.0000524156, 0.1261968762, 0.1540339440
778, 105.787, 0.0131283253, 0.0120994272, 0.0000522602, 0.1251991689, 0.1504791826
779, 105.917, 0.0141455857, 0.0119968737, 0.0000423626, 0.1229511276, 0.1491359472
780, 106.058, 0.0113842478, 0.0120424367, 0.0000589336, 0.1227555275, 0.1462411433
781, 106.185, 0.0143098198, 0.0121060759, 0.0000517819, 0.1244022027, 0.1508698761
782, 106.309, 0.0147196185, 0.0121214548, 0.0000480990, 0.1198715344, 0.1467607021
783, 106.438, 0.0128195984, 0.0120728584, 0.0000583769, 0.1265894324, 0.1515402645
784, 106.563, 0.0125663355, 0.0120575679, 0.0000659642, 0.1231274605, 0.1478173286
785, 106.694, 0.0124651650, 0.0121135134, 0.0000831426, 0.1252511442, 0.1499129683
786, 106.817, 0.0123158470, 0.0122947246, 0.0000720186, 0.1221298575, 0.1468124539
787, 106.953, 0.0137053570, 0.0123400362, 0.0000659230, 0.1245379373, 0.1506492496
788, 107.079, 0.0121692354, 0.0121422363, 0.0001001476, 0.1229869872, 0.1473986059
789, 107.209, 0.0135106510, 0.0120206550, 0.0001045656, 0.1210289896, 0.1466648579
790, 107.350, 0.0124053992, 0.0120353410, 0.0000681269, 0.1212196872, 0.1457285583
791, 107.495, 0.0147317983, 0.0120437900, 0.0000616637, 0.1217914373, 0.1486286819
792, 107.622, 0.0154440645, 0.0120329550, 0.0000940617, 0.1227820739, 0.1503531486
793, 107.762, 0.0126410006, 0.0120744398, 0.0000926416, 0.1192219704, 0.1440300494
794, 107.931, 0.0155877229, 0.0121373096, 0.0000664901, 0.1206282601, 0.1484197825
795, 108.059, 0.0148931844, 0.0121585503, 0.0000558787, 0.1189805344, 0.1460881531
796, 108.193, 0.0134513173, 0.0121830795, 0.0000694433, 0.1242399365, 0.1499437690
797, 108.348, 0.0121752638, 0.0121562025, 0.0000721058, 0.1217374206, 0.1461409926
798, 108.490, 0.0112609351, 0.0121122217, 0.0000698941, 0.1213916987, 0.1448347569
799, 108.635, 0.0119107068, 0.0120453164, 0.0000544346, 0.1222697422, 0.1462801993
800, 108.780, 0.0112557299, 0.0120343948, 0.0000587530, 0.1189421788, 0.1422910541
801, 108.935, 0.0127410842, 0.0120212380, 0.0000596969, 0.1214789450, 0.1463009715
802, 109.079, 0.0113213221, 0.0120521234, 0.0000559136, 0.1191122085, 0.1425415725
803, 109.226, 0.0161521249, 0.0120901130, 0.0000443520, 0.1193483174, 0.1476349086
804, 109.374, 0.0120080281, 0.0121047311, 0.0000673075, 0.1186200604, 0.1428001225
805, 109.515, 0.0115809143, 0.0120820450, 0.0000627310, 0.1206822097, 0.1444078982
806, 109.651, 0.0166387931, 0.0120621631, 0.0000578824, 0.1206653640, 0.1494241953
807, 109.784, 0.0115277609, 0.0120649701, 0.0000663013, 0.1172496825, 0.1409087181
808, 109.914, 0.0112892464, 0.0121171512, 0.0000683689, 0.1186964363, 0.1421712041
809, 110.070, 0.0186240077, 0.0120634492, 0.0000572613, 0.1223974824, 0.1531421989
810, 110.196, 0.0116046863, 0.0120726228, 0.0000646409, 0.1182635352, 0.1420054883
811, 110.332, 0.0114512686, 0.0123590082, 0.0000804735, 0.1183261201, 0.1422168761
812, 110.462, 0.0114549138, 0.0124635799, 0.0000618309, 0.1177098304, 0.1416901499
813, 110.589, 0.0118953716, 0.0121785710, 0.0000547977, 0.1200976968, 0.1442264318
814, 110.712, 0.0102762980, 0.0120342774, 0.0000663543, 0.1164019480, 0.1387788802
815, 110.841, 0.0110521968, 0.0121193649, 0.0000714221, 0.1192135289, 0.1424565166
816, 110.990, 0.0165301599, 0.0122866146, 0.0000558642, 0.1191472933, 0.1480199397
817, 111.122, 0.0144107034, 0.0127045196, 0.0000530542, 0.1251573414, 0.1523256153
818, 111.247, 0.0117893741, 0.0126227736, 0.0000520217, 0.1152773649, 0.1397415400
819, 111.376, 0.0111885248, 0.0124092251, 0.0000625982, 0.1161021441, 0.1397624910
820, 111.505, 0.0126539944, 0.0121007562, 0.0000624068, 0.1160942093, 0.1409113705
821, 111.631, 0.0104099447, 0.0121171838, 0.0000608717, 0.1181715131, 0.1407595128
822, 111.780, 0.0120951068, 0.0120499153, 0.0000508333, 0.1160207167, 0.1402165741
823, 111.914, 0.0127391927, 0.0121154161, 0.0000662868, 0.1138268411, 0.1387477368
824, 112.041, 0.0117799118, 0.0120732244, 0.0000571146, 0.1161534935, 0.1400637478
825, 112.169, 0.0136881461, 0.0120600034, 0.0000571964, 0.1163746193, 0.1421799660
826, 112.307, 0.0129479803, 0.0120163215, 0.0000575758, 0.1168374196, 0.1418592930
827, 112.434, 0.0131199872, 0.0121901855, 0.0000753232, 0.1145743206, 0.1399598122
828, 112.580, 0.0126316613, 0.0122452658, 0.0000750405, 0.1160762087, 0.1410281807
829, 112.709, 0.0132663948, 0.0121924216, 0.0000563311, 0.1168321744, 0.1423473209
830, 112.835, 0.0105154682, 0.0120730307, 0.0000691546, 0.1163229644, 0.1389806122
831, 112.966, 0.0197462924, 0.0121685406, 0.0000983185, 0.1188044623, 0.1508176178
832, 113.092, 0.0144717321, 0.0124228531, 0.0000942439, 0.1189055666, 0.1458943933
833, 113.233, 0.0108245173, 0.0121017797, 0.0000788109, 0.1178379729, 0.1408430785
834, 113.361, 0.0139686912, 0.0121229338, 0.0000997138, 0.1241977736, 0.1503891051
835, 113.491, 0.0119394939, 0.0120831355, 0.0000908845, 0.1256012172, 0.1497147381
836, 113.642, 0.0117745008, 0.0121296914, 0.0000880759, 0.1247547194, 0.1487469822
837, 113.761, 0.0130678732, 0.0121975606, 0.0000663231, 0.1248771772, 0.1502089351
838, 113.892, 0.0145478677, 0.0120502841, 0.0000773683, 0.1210388839, 0.1477144063
839, 114.013, 0.0114345197, 0.0122402925, 0.0001048460, 0.1234355494, 0.1472152025
840, 114.147, 0.0148780132, 0.0122404099, 0.0000697675, 0.1208682507, 0.1480564475
841, 114.275, 0.0134309549, 0.0122381588, 0.0000716586, 0.1212639138, 0.1470046788
842, 114.398, 0.0221090596, 0.0121180955, 0.0000752011, 0.1236058772, 0.1579082310
843, 114.530, 0.0113631561, 0.0120949605, 0.0000792946, 0.1186320633, 0.1421694756
844, 114.653, 0.0111391507, 0.0121064140, 0.0000652660, 0.1218944639, 0.1452052891
845, 114.778, 0.0123681761, 0.0120996339, 0.0000525656, 0.1214676648, 0.1459880471
846, 114.902, 0.0110096866, 0.0120952735, 0.0000724129, 0.1238017902, 0.1469791681
847, 115.031, 0.0145366862, 0.0120914048, 0.0000608738, 0.1181292981, 0.1448182613
848, 115.187, 0.0119462814, 0.0122866090, 0.0000696986, 0.1195076704, 0.1438102573
849, 115.313, 0.0140758287, 0.0124761872, 0.0000662189, 0.1170279905, 0.1436462253
850, 115.473, 0.0111557841, 0.0126271341, 0.0000495996, 0.1216806397, 0.1455131620
851, 115.598, 0.0141726462, 0.0124037862, 0.0000578325, 0.1176844463, 0.1443187147
852, 115.720, 0.0115881301, 0.0122372145, 0.0000530902, 0.1194637269, 0.1433421671
853, 115.847, 0.0118722515, 0.0120840073, 0.0000518017, 0.1181094423, 0.1421175003
854, 116.010, 0.0101457518, 0.0120780049, 0.0000466491, 0.1154438481, 0.1377142519
855, 116.138, 0.0103102112, 0.0120489532, 0.0000378243, 0.1169959679, 0.1393929571
856, 116.264, 0.0278744008, 0.0120546035, 0.0000415698, 0.1213140115, 0.1612845808
857, 116.452, 0.0111445673, 0.0121196778, 0.0000465928, 0.1168171540, 0.1401279867
858, 116.576, 0.0127475634, 0.0121386331, 0.0000484952, 0.1148022488, 0.1397369355
859, 116.695, 0.0103341527, 0.0121222008, 0.0000560709, 0.1156211570, 0.1381335855
860, 116.841, 0.0099688480, 0.0120610259, 0.0000414631, 0.1157282293, 0.1377995610
861, 116.972, 0.0151560726, 0.0121759111, 0.0000473882, 0.1176033840, 0.1449827552
862, 117.124, 0.0102625154, 0.0121315410, 0.0000460618, 0.1161260679, 0.1385661811
863, 117.249, 0.0129791033, 0.0120886760, 0.0000461156, 0.1153109148, 0.1404248178
864, 117.368, 0.0188395623, 0.0121118817, 0.0000389581, 0.1151895002, 0.1461798996
865, 117.493, 0.0151263308, 0.0120764393, 0.0000505904, 0.1144438386, 0.1416971982
866, 117.620, 0.0107932771, 0.0121897068, 0.0000529208, 0.1153755859, 0.1384114921
867, 117.749, 0.0140966736, 0.0121374270, 0.0000509445, 0.1167409122, 0.1430259645
868, 117.877, 0.0103297941, 0.0121015841, 0.0000608782, 0.1152463481, 0.1377386004
869, 118.005, 0.0180809218, 0.0120478496, 0.0000522470, 0.1169535741, 0.1471345872
870, 118.146, 0.0132120717, 0.0120950602, 0.0000706451, 0.1140264124, 0.1394041926
871, 118.298, 0.0114567392, 0.0122149037, 0.0000665198, 0.1163421571, 0.1400803179
872, 118.433, 0.0119074387, 0.0124920048, 0.0000576781, 0.1233748198, 0.1478319466
873, 118.567, 0.0127316434, 0.0124290362, 0.0000480915, 0.1142889261, 0.1394976974
874, 118.747, 0.0122861760, 0.0124277938, 0.0000537455, 0.1188735440, 0.1436412632
875, 118.871, 0.0120917894, 0.0122280382, 0.0000571161, 0.1196220219, 0.1439989656
876, 119.008, 0.0114566684, 0.0121472497, 0.0000675737, 0.1196648180, 0.1433363110
877, 119.136, 0.0116487127, 0.0120666102, 0.0000492503, 0.1160617173, 0.1398262978
878, 119.285, 0.0112605039, 0.0121206772, 0.0000537587, 0.1200524271, 0.1434873641
879, 119.427, 0.0113272928, 0.0121090328, 0.0000548906, 0.1156684533, 0.1391596645
880, 119.559, 0.0102676647, 0.0120885270, 0.0000574200, 0.1161823571, 0.1385959685
881, 119.688, 0.0106437122, 0.0120692421, 0.0000581392, 0.1178493574, 0.1406204551
882, 119.818, 0.0105722984, 0.0121185221, 0.0000564528, 0.1182997376, 0.1410470158
883, 119.949, 0.0106169051, 0.0120980730, 0.0000448382, 0.1172874421, 0.1400472522
884, 120.110, 0.0105682239, 0.0120450752, 0.0000485426, 0.1130123809, 0.1356742233
885, 120.234, 0.0101846969, 0.0120335557, 0.0000474268, 0.1163156405, 0.1385813206
886, 120.365, 0.0110297343, 0.0120473634, 0.0000472136, 0.1143280193, 0.1374523342
887, 120.495, 0.0106959986, 0.0120701706, 0.0000495140, 0.1180263385, 0.1408420205
888, 120.658, 0.0101598976, 0.0120819155, 0.0000426821, 0.1148335040, 0.1371179968
889, 120.784, 0.0113104759, 0.0120900022, 0.0000428227, 0.1133298650, 0.1367731690
890, 120.919, 0.0094857309, 0.0120564625, 0.0000431585, 0.1130314991, 0.1346168518
891, 121.045, 0.0106189726, 0.0120972227, 0.0000362225, 0.1139319688, 0.1366843879
892, 121.170, 0.0143713690, 0.0121560665, 0.0000355740, 0.1143938079, 0.1409568191
893, 121.299, 0.0103798239, 0.0121267289, 0.0000421770, 0.1138530225, 0.1364017576
894, 121.429, 0.0107288305, 0.0121149635, 0.0000368674, 0.1161962301, 0.1390768886
895, 121.557, 0.0109074526, 0.0121045690, 0.0000378219, 0.1136761084, 0.1367259473
896, 121.735, 0.0102013201, 0.0121351732, 0.0000443998, 0.1125903651, 0.1349712610
897, 121.865, 0.0137301851, 0.0121102585, 0.0000407392, 0.1145169288, 0.1403981149
898, 122.021, 0.0105513427, 0.0120881218, 0.0000374264, 0.1130546331, 0.1357315183
899, 122.147, 0.0098212827, 0.0120675080, 0.0000358333, 0.1148927063, 0.1368173361
900, 122.279, 0.0095642926, 0.0120625058, 0.0000339579, 0.1091692746, 0.1308300346
901, 122.409, 0.0097937752, 0.0120757259, 0.0000391697, 0.1116975248, 0.1336061954
902, 122.551, 0.0117346933, 0.0120758954, 0.0000360542, 0.1138910502, 0.1377376914
903, 122.701, 0.0136337830, 0.0120550198, 0.0000427089, 0.1117808893, 0.1375124007
904, 122.823, 0.0095804604, 0.0120795770, 0.0000363994, 0.1128421426, 0.1345385760
905, 122.982, 0.0116626611, 0.0121200047, 0.0000398859, 0.1126607880, 0.1364833415
906, 123.111, 0.0121907191, 0.0121160625, 0.0000383324, 0.1095890254, 0.1339341402
907, 123.238, 0.0105152633, 0.0121074738, 0.0000515897, 0.1089025587, 0.1315768808
908, 123.402, 0.0140228495, 0.0121186934, 0.0000418278, 0.1113291085, 0.1375124753
909, 123.545, 0.0099555654, 0.0121263759, 0.0000403459, 0.1132840142, 0.1354063004
910, 123.690, 0.0092734257, 0.0121089676, 0.0000413992, 0.1087946594, 0.1302184463
911, 123.829, 0.0097652469, 0.0120972339, 0.0000379406, 0.1115556955, 0.1334561110
912, 123.958, 0.0096895285, 0.0121299131, 0.0000346637, 0.1115139499, 0.1333680600
913, 124.088, 0.0094460854, 0.0121371495, 0.0000352481, 0.1112498417, 0.1328683197
914, 124.228, 0.0110398447, 0.0121590281, 0.0000331091, 0.1129497662, 0.1361817420
915, 124.352, 0.0101943100, 0.0121300090, 0.0000307695, 0.1106353253, 0.1329904199
916, 124.477, 0.0108526852, 0.0120823914, 0.0000343696, 0.1142045408, 0.1371739805
917, 124.616, 0.0097671431, 0.0120516783, 0.0000329923, 0.1111046001, 0.1329564154
918, 124.742, 0.0116954530, 0.0120656751, 0.0000338966, 0.1109864190, 0.1347814500
919, 124.868, 0.0118702902, 0.0121307140, 0.0000412520, 0.1103226170, 0.1343648732
920, 124.997, 0.0100671481, 0.0121412519, 0.0000399195, 0.1160923466, 0.1383406669
921, 125.131, 0.0098893689, 0.0120985089, 0.0000421189, 0.1147989109, 0.1368288994
922, 125.260, 0.0143938968, 0.0120972516, 0.0000463802, 0.1150252223, 0.1415627450
923, 125.429, 0.0126320142, 0.0121766524, 0.0000464310, 0.1136461943, 0.1385012865
924, 125.575, 0.0096366582, 0.0121199386, 0.0000463506, 0.1105885729, 0.1323915124
925, 125.708, 0.0100403903, 0.0120924516, 0.0000621234, 0.1158034056, 0.1379983723
926, 125.912, 0.0136369476, 0.0121829882, 0.0000539329, 0.1152176112, 0.1410914809
927, 126.040, 0.0102416547, 0.0121801887, 0.0000453410, 0.1134510562, 0.1359182447
928, 126.167, 0.0146077098, 0.0120890308, 0.0000547081, 0.1168533415, 0.1436047852
929, 126.299, 0.0111231953, 0.0120692272, 0.0000581946, 0.1173261255, 0.1405767500
930, 126.422, 0.0103217531, 0.0120758507, 0.0000466632, 0.1119438633, 0.1343881339
931, 126.550, 0.0099455910, 0.0120852590, 0.0000450963, 0.1120978966, 0.1341738403
932, 126.676, 0.0149475010, 0.0121283717, 0.0000482901, 0.1146044061, 0.1417285651
933, 126.806, 0.0117905904, 0.0122028487, 0.0000497168, 0.1128930971, 0.1369362473
934, 126.937, 0.0100227436, 0.0122247552, 0.0000416907, 0.1111859158, 0.1334751099
935, 127.080, 0.0112441266, 0.0122180451, 0.0000472531, 0.1115134284, 0.1350228488
936, 127.228, 0.0114233326, 0.0121206148, 0.0000533417, 0.1108200029, 0.1344172955
937, 127.352, 0.0096329208, 0.0120714186, 0.0000541154, 0.1119904816, 0.1337489337
938, 127.477, 0.0105731729, 0.0120775700, 0.0000526430, 0.1114132926, 0.1341166794
939, 127.603, 0.0103957234, 0.0121140052, 0.0000536242, 0.1142236069, 0.1367869526
940, 127.731, 0.0150034912, 0.0120646311, 0.0000520368, 0.1123956069, 0.1395157725
941, 127.882, 0.0094731273, 0.0120546818, 0.0000587295, 0.1059744209, 0.1275609583
942, 128.013, 0.0092088953, 0.0121130971, 0.0000466064, 0.1084314808, 0.1298000813
943, 128.146, 0.0106112855, 0.0121958125, 0.0000429457, 0.1086965799, 0.1315466166
944, 128.270, 0.0113473181, 0.0121321063, 0.0000500864, 0.1088328063, 0.1323623210
945, 128.395, 0.0101841893, 0.0120975943, 0.0000647617, 0.1105295792, 0.1328761280
946, 128.521, 0.0128280250, 0.0121376412, 0.0000609903, 0.1098664477, 0.1348931044
947, 128.667, 0.0131255351, 0.0122640459, 0.0000488888, 0.1133368239, 0.1387752891
948, 128.797, 0.0137110911, 0.0123220971, 0.0000498681, 0.1153248996, 0.1414079517
949, 128.945, 0.0137989735, 0.0122754229, 0.0000629437, 0.1145026311, 0.1406399757
950, 129.079, 0.0117258849, 0.0120548047, 0.0000819592, 0.1134848744, 0.1373475194
951, 129.201, 0.0155823650, 0.0122594945, 0.0000896475, 0.1092790291, 0.1372105330
952, 129.350, 0.0133317504, 0.0126823820, 0.0001048668, 0.1133428812, 0.1394618750
953, 129.506, 0.0112680402, 0.0127420546, 0.0000998446, 0.1139685586, 0.1380784959
954, 129.670, 0.0146144917, 0.0124219190, 0.0000979643, 0.1124564260, 0.1395907998
955, 129.838, 0.0102773951, 0.0121191777, 0.0001515852, 0.1137855873, 0.1363337487
956, 129.965, 0.0105203353, 0.0123830149, 0.0001255081, 0.1133253947, 0.1363542527
957, 130.095, 0.0128250960, 0.0125740850, 0.0000853984, 0.1133034378, 0.1387880147
958, 130.239, 0.0129394485, 0.0123381913, 0.0000963499, 0.1134028807, 0.1387768686
959, 130.363, 0.0106706414, 0.0120886164, 0.0001495522, 0.1140916795, 0.1370004863
960, 130.486, 0.0145210456, 0.0122688105, 0.0001489657, 0.1150269136, 0.1419657320
961, 130.618, 0.0119333556, 0.0128514748, 0.0001128404, 0.1137571558, 0.1386548281
962, 130.743, 0.0109568387, 0.0130657228, 0.0000926907, 0.1132643968, 0.1373796463
963, 130.866, 0.0102562811, 0.0127724847, 0.0001063790, 0.1123196706, 0.1354548186
964, 130.996, 0.0125563657, 0.0123351915, 0.0001231509, 0.1114059985, 0.1364207119
965, 131.126, 0.0115022641, 0.0121164201, 0.0001148304, 0.1129720956, 0.1367056072
966, 131.270, 0.0111624124, 0.0120926592, 0.0000881280, 0.1152808219, 0.1386240274
967, 131.425, 0.0114018265, 0.0121114906, 0.0000858116, 0.1121290475, 0.1357281804
968, 131.555, 0.0135106603, 0.0121247517, 0.0000751452, 0.1113263816, 0.1370369345
969, 131.683, 0.0181954391, 0.0121748857, 0.0000707571, 0.1106611937, 0.1411022693
970, 131.833, 0.0158629641, 0.0121066347, 0.0000875526, 0.1104803979, 0.1385375559
971, 131.959, 0.0117824757, 0.0121815726, 0.0001083086, 0.1132906452, 0.1373630017
972, 132.088, 0.0127513716, 0.0123540042, 0.0000878854, 0.1185331196, 0.1437263787
973, 132.250, 0.0192284863, 0.0124097010, 0.0000781094, 0.1162792444, 0.1479955316
974, 132.375, 0.0114877382, 0.0122418785, 0.0000847135, 0.1165627316, 0.1403770596
975, 132.502, 0.0177593231, 0.0120736230, 0.0001023494, 0.1225627661, 0.1524980664
976, 132.632, 0.0105308890, 0.0122302435, 0.0001179838, 0.1162020713, 0.1390811801
977, 132.759, 0.0132060004, 0.0123367505, 0.0001077580, 0.1218969747, 0.1475474834
978, 132.919, 0.0119456286, 0.0122204935, 0.0000955802, 0.1247672066, 0.1490289122
979, 133.054, 0.0144275026, 0.0121348938, 0.0000905782, 0.1224079803, 0.1490609497
980, 133.190, 0.0131237181, 0.0121339560, 0.0000871333, 0.1208967939, 0.1462416053
981, 133.316, 0.0117370682, 0.0121138906, 0.0000826134, 0.1204068214, 0.1443403959
982, 133.446, 0.0149148535, 0.0121123726, 0.0000664158, 0.1247676834, 0.1518613249
983, 133.571, 0.0133289965, 0.0121426545, 0.0000631056, 0.1222369224, 0.1477716863
984, 133.697, 0.0106272437, 0.0121771488, 0.0000696243, 0.1174365133, 0.1403105259
985, 133.822, 0.0121328011, 0.0122899832, 0.0000597314, 0.1215689704, 0.1460514814
986, 133.981, 0.0129594980, 0.0124633797, 0.0000573502, 0.1229425222, 0.1484227479
987, 134.133, 0.0128493560, 0.0124159316, 0.0000467210, 0.1184708849, 0.1437828988
988, 134.260, 0.0147638731, 0.0122162458, 0.0000624810, 0.1215740889, 0.1486166865
989, 134.385, 0.0098065836, 0.0121360980, 0.0001115859, 0.1175736114, 0.1396278739
990, 134.509, 0.0110023506, 0.0122932224, 0.0000891151, 0.1178719252, 0.1412566155
991, 134.637, 0.0222221501, 0.0124214338, 0.0000695112, 0.1233673692, 0.1580804586
992, 134.767, 0.0125652105, 0.0127166454, 0.0000704113, 0.1199519932, 0.1453042626
993, 134.892, 0.0114582153, 0.0124351084, 0.0000811746, 0.1219029501, 0.1458774507
994, 135.049, 0.0112965908, 0.0121959355, 0.0000904035, 0.1230959967, 0.1466789246
995, 135.175, 0.0159311462, 0.0121590188, 0.0000809271, 0.1177047268, 0.1458758116
996, 135.304, 0.0121632023, 0.0124646379, 0.0000929946, 0.1201921627, 0.1449130028
997, 135.437, 0.0148951663, 0.0127991941, 0.0000893071, 0.1174654439, 0.1452491134
998, 135.576, 0.0205805339, 0.0132001201, 0.0000866441, 0.1138173714, 0.1476846635
999, 135.700, 0.0122744059, 0.0134679582, 0.0000730951, 0.1149685383, 0.1407839954
