epoch, time, loss1, loss2, loss3, loss4, total_loss
0, 1.663, 0.9729918838, 0.0000420174, 0.0007598018, 0.4419731796, 0.9737936854
1, 2.226, 0.6643080711, 0.0001958435, 0.0064510605, 0.4064318538, 0.6709550023
2, 2.429, 0.5558400154, 0.0021092761, 0.0096884090, 0.4085198045, 0.5676377416
3, 2.612, 0.5448984504, 0.0045515005, 0.0112330280, 0.4091670513, 0.5606830120
4, 2.798, 0.5666464567, 0.0069304430, 0.0112363650, 0.4118715227, 0.5848132968
5, 2.928, 0.4491284788, 0.0086717289, 0.0099919271, 0.3967646956, 0.4677921236
6, 3.045, 0.4753741324, 0.0097660124, 0.0079617528, 0.4200384319, 0.4931018949
7, 3.202, 0.4014847577, 0.0107972976, 0.0066237096, 0.4142273962, 0.4189057648
8, 3.313, 0.4177988470, 0.0116088949, 0.0056292317, 0.4279589951, 0.4350369871
9, 3.430, 0.3576140404, 0.0126971155, 0.0057474547, 0.4118602276, 0.3760586083
10, 3.577, 0.3753267229, 0.0135711953, 0.0056450786, 0.4184968174, 0.3945429921
11, 3.692, 0.3518402576, 0.0141899651, 0.0053073736, 0.4208985865, 0.3713375926
12, 3.810, 0.2853993773, 0.0146986917, 0.0051176436, 0.4035266340, 0.3052157164
13, 3.945, 0.2681046724, 0.0148556568, 0.0045774584, 0.4043709934, 0.2875377834
14, 4.108, 0.2704085410, 0.0149838347, 0.0041612005, 0.4000021815, 0.2895535827
15, 4.226, 0.2532331645, 0.0150249228, 0.0037437999, 0.4060926437, 0.2720018923
16, 4.374, 0.2496512830, 0.0150660453, 0.0034892324, 0.4121407866, 0.2682065666
17, 4.502, 0.2529912591, 0.0151892807, 0.0034127571, 0.4048328400, 0.2715933025
18, 4.622, 0.2222696543, 0.0153053189, 0.0033090762, 0.4032122791, 0.2408840507
19, 4.752, 0.2173070610, 0.0153619433, 0.0031162729, 0.4055315852, 0.2357852906
20, 4.892, 0.2431664616, 0.0153493760, 0.0028654807, 0.4131531715, 0.2613813281
21, 5.059, 0.2000832409, 0.0154144159, 0.0027758961, 0.3963322639, 0.2182735503
22, 5.187, 0.2009039372, 0.0154800294, 0.0026794921, 0.3957497478, 0.2190634608
23, 5.307, 0.1949863732, 0.0155279888, 0.0025723889, 0.4009961188, 0.2130867541
24, 5.450, 0.2046542913, 0.0156077016, 0.0025426247, 0.4099022448, 0.2228046209
25, 5.574, 0.2038276792, 0.0156433731, 0.0024921333, 0.4146641791, 0.2219631821
26, 5.700, 0.1889476031, 0.0156606268, 0.0024255286, 0.3982817233, 0.2070337534
27, 5.824, 0.1665493250, 0.0156962331, 0.0023591022, 0.3963559568, 0.1846046597
28, 5.990, 0.1729471385, 0.0157317538, 0.0022851569, 0.4022523761, 0.1909640431
29, 6.129, 0.1734178662, 0.0157834329, 0.0022404492, 0.4094168246, 0.1914417446
30, 6.273, 0.1714295894, 0.0158452690, 0.0022489710, 0.4057857096, 0.1895238310
31, 6.395, 0.1745489985, 0.0159086231, 0.0022682738, 0.4192147255, 0.1927258968
32, 6.540, 0.1603811085, 0.0159260090, 0.0022332626, 0.4122268260, 0.1785403788
33, 6.679, 0.1498588920, 0.0159153920, 0.0021731521, 0.4088033736, 0.1679474413
34, 6.803, 0.1464754194, 0.0158706196, 0.0020707336, 0.4032604992, 0.1644167751
35, 6.948, 0.1444754004, 0.0158354398, 0.0019742548, 0.4074012041, 0.1622850895
36, 7.085, 0.1427121460, 0.0157851912, 0.0018575977, 0.4154388011, 0.1603549272
37, 7.212, 0.1418287456, 0.0157344211, 0.0017551739, 0.4063525498, 0.1593183428
38, 7.399, 0.1480130106, 0.0156321973, 0.0016096097, 0.4130406380, 0.1652548164
39, 7.580, 0.1352506131, 0.0155059686, 0.0014820583, 0.4048808217, 0.1522386372
40, 7.700, 0.1398528665, 0.0154123576, 0.0013883424, 0.4027037919, 0.1566535681
41, 7.827, 0.1298203170, 0.0154099846, 0.0013620500, 0.3922775388, 0.1465923637
42, 7.951, 0.1326148957, 0.0153704463, 0.0012954733, 0.4114211798, 0.1492808163
43, 8.077, 0.1242479011, 0.0153407846, 0.0012353241, 0.3997174203, 0.1408240050
44, 8.231, 0.1315010488, 0.0152845001, 0.0011514236, 0.4111505449, 0.1479369700
45, 8.356, 0.1325069964, 0.0153338844, 0.0011335647, 0.4097395539, 0.1489744484
46, 8.543, 0.1224302128, 0.0154248113, 0.0011854984, 0.4084098339, 0.1390405148
47, 8.675, 0.1242547259, 0.0154607566, 0.0012149648, 0.4085581005, 0.1409304440
48, 8.838, 0.1234003901, 0.0155063579, 0.0012544509, 0.4139104784, 0.1401612014
49, 8.965, 0.1217405796, 0.0156079475, 0.0013257898, 0.4200989008, 0.1386743188
50, 9.124, 0.1163995042, 0.0155947376, 0.0013026330, 0.4069384038, 0.1332968771
51, 9.286, 0.1239457577, 0.0156407040, 0.0013079193, 0.4175808430, 0.1408943832
52, 9.407, 0.1255869716, 0.0156739280, 0.0012942033, 0.4237646163, 0.1425551027
53, 9.524, 0.1044108048, 0.0156144295, 0.0011856857, 0.4043475091, 0.1212109178
54, 9.689, 0.1147081926, 0.0156209124, 0.0011305385, 0.4106065333, 0.1314596385
55, 9.841, 0.1071736589, 0.0156303383, 0.0010814485, 0.4152179956, 0.1238854527
56, 10.037, 0.1064180955, 0.0154447565, 0.0009042960, 0.4145926833, 0.1227671504
57, 10.172, 0.1155370399, 0.0152829522, 0.0007700928, 0.4244637489, 0.1315900832
58, 10.299, 0.1049884781, 0.0153284548, 0.0007574776, 0.4149377048, 0.1210744083
59, 10.475, 0.1077524722, 0.0153038893, 0.0007489923, 0.4165213704, 0.1238053516
60, 10.607, 0.1013690084, 0.0152392769, 0.0006909395, 0.4111426175, 0.1172992215
61, 10.775, 0.1048304364, 0.0151352957, 0.0006154820, 0.4194702804, 0.1205812171
62, 10.896, 0.1057754904, 0.0150645310, 0.0005823454, 0.4172825217, 0.1214223653
63, 11.023, 0.0988469645, 0.0151199764, 0.0005996752, 0.4111596942, 0.1145666167
64, 11.142, 0.0962543413, 0.0151142916, 0.0006021986, 0.4093215466, 0.1119708344
65, 11.269, 0.0964168161, 0.0151268663, 0.0005549531, 0.4160658419, 0.1120986417
66, 11.405, 0.0981378257, 0.0150893265, 0.0005038842, 0.4246069193, 0.1137310341
67, 11.526, 0.0957142562, 0.0149992509, 0.0004876359, 0.4205493033, 0.1112011373
68, 11.672, 0.0908327773, 0.0149234962, 0.0004836209, 0.4157086909, 0.1062398925
69, 11.794, 0.0956387222, 0.0149645749, 0.0005169365, 0.4252390862, 0.1111202314
70, 11.936, 0.0964752510, 0.0149616208, 0.0005358044, 0.4205754399, 0.1119726747
71, 12.084, 0.0995477512, 0.0148116415, 0.0004701648, 0.4201247692, 0.1148295552
72, 12.223, 0.0900212303, 0.0147511475, 0.0004459528, 0.4152174294, 0.1052183285
73, 12.369, 0.0915510952, 0.0146551235, 0.0004194788, 0.4185012579, 0.1066256911
74, 12.525, 0.0948639661, 0.0145565793, 0.0003908542, 0.4250134826, 0.1098114029
75, 12.668, 0.0919147879, 0.0145620620, 0.0003802977, 0.4104729593, 0.1068571508
76, 12.826, 0.0851338133, 0.0144949174, 0.0003521234, 0.4194574356, 0.0999808535
77, 13.009, 0.0872085318, 0.0143839344, 0.0003053938, 0.4196448326, 0.1018978581
78, 13.140, 0.0852923319, 0.0142739024, 0.0002990893, 0.4220240116, 0.0998653248
79, 13.268, 0.0828246549, 0.0141661959, 0.0002872702, 0.4233656228, 0.0972781256
80, 13.395, 0.0846959054, 0.0140602952, 0.0002900348, 0.4240944684, 0.0990462378
81, 13.517, 0.0878012031, 0.0140697900, 0.0003061885, 0.4305101037, 0.1021771803
82, 13.651, 0.0830795914, 0.0140510248, 0.0002989194, 0.4161387980, 0.0974295363
83, 13.771, 0.0804426894, 0.0139201125, 0.0002884957, 0.4224573970, 0.0946512967
84, 13.894, 0.0869303197, 0.0139018875, 0.0002787580, 0.4290953577, 0.1011109650
85, 14.019, 0.0911004022, 0.0138739143, 0.0002603942, 0.4289661348, 0.1052347124
86, 14.141, 0.0787023380, 0.0138582811, 0.0002625310, 0.4157459438, 0.0928231478
87, 14.288, 0.0764051750, 0.0138140870, 0.0002581178, 0.4151342213, 0.0904773772
88, 14.407, 0.0788559839, 0.0138044050, 0.0002320890, 0.4263381958, 0.0928924754
89, 14.528, 0.0822927356, 0.0137337884, 0.0002105305, 0.4233227968, 0.0962370560
90, 14.658, 0.0782170743, 0.0137233995, 0.0002190427, 0.4312945306, 0.0921595171
91, 14.779, 0.0809795782, 0.0137330629, 0.0002691429, 0.4221194983, 0.0949817896
92, 14.938, 0.0773310959, 0.0136500578, 0.0002474860, 0.4226917326, 0.0912286416
93, 15.070, 0.0785900205, 0.0135780768, 0.0002326184, 0.4270242453, 0.0924007222
94, 15.199, 0.0797422379, 0.0133604817, 0.0002414109, 0.4280524254, 0.0933441371
95, 15.323, 0.0745716617, 0.0133411111, 0.0002474331, 0.4211645424, 0.0881602094
96, 15.511, 0.0768859386, 0.0133736404, 0.0002953833, 0.4209024310, 0.0905549675
97, 15.634, 0.0761552230, 0.0133995805, 0.0003073332, 0.4322118461, 0.0898621380
98, 15.796, 0.0749354884, 0.0132942712, 0.0002455462, 0.4206257761, 0.0884753093
99, 15.915, 0.0743858591, 0.0132858148, 0.0002292622, 0.4256759286, 0.0879009366
100, 16.041, 0.0743509829, 0.0132180909, 0.0002189830, 0.4239054024, 0.0877880529
101, 16.172, 0.0737672374, 0.0132431081, 0.0001883724, 0.4226016402, 0.0871987194
102, 16.320, 0.0709198043, 0.0133381216, 0.0002058410, 0.4210701287, 0.0844637677
103, 16.441, 0.0725554153, 0.0133227650, 0.0002254370, 0.4307613373, 0.0861036181
104, 16.573, 0.0676599294, 0.0132089704, 0.0001983056, 0.4250842333, 0.0810672045
105, 16.725, 0.0736571401, 0.0131641375, 0.0002034451, 0.4305267930, 0.0870247260
106, 16.876, 0.0691261515, 0.0130158747, 0.0001868480, 0.4252199531, 0.0823288709
107, 17.003, 0.0672165602, 0.0129571678, 0.0001919326, 0.4186657369, 0.0803656653
108, 17.153, 0.0680684224, 0.0129833864, 0.0001991823, 0.4232710898, 0.0812509954
109, 17.343, 0.0713341981, 0.0128756240, 0.0002096700, 0.4256226718, 0.0844194889
110, 17.467, 0.0705150813, 0.0127478568, 0.0002380401, 0.4362494946, 0.0835009739
111, 17.620, 0.0681466982, 0.0127172116, 0.0002473560, 0.4227128923, 0.0811112672
112, 17.811, 0.0720065311, 0.0126925893, 0.0002323137, 0.4321748018, 0.0849314407
113, 17.929, 0.0681098923, 0.0126111824, 0.0002291530, 0.4185864925, 0.0809502229
114, 18.050, 0.0689156353, 0.0126361540, 0.0002248151, 0.4319987297, 0.0817766041
115, 18.169, 0.0691103339, 0.0126812188, 0.0002096412, 0.4234258831, 0.0820011944
116, 18.289, 0.0653058887, 0.0126782451, 0.0001885830, 0.4108062983, 0.0781727135
117, 18.437, 0.0667229071, 0.0126306061, 0.0001877717, 0.4239780009, 0.0795412809
118, 18.563, 0.0688547641, 0.0126913143, 0.0001842685, 0.4272085130, 0.0817303434
119, 18.696, 0.0672370493, 0.0127344057, 0.0001717502, 0.4320042431, 0.0801432058
120, 18.819, 0.0650184974, 0.0127031058, 0.0001514120, 0.4155460596, 0.0778730139
121, 18.946, 0.0658719316, 0.0126728117, 0.0001472431, 0.4204615355, 0.0786919892
122, 19.078, 0.0659968704, 0.0126975952, 0.0001721530, 0.4238537848, 0.0788666159
123, 19.213, 0.0627200380, 0.0126109738, 0.0001783890, 0.4229040444, 0.0755093992
124, 19.342, 0.0648735464, 0.0124906972, 0.0001723653, 0.4195381701, 0.0775366053
125, 19.498, 0.0644760802, 0.0124111008, 0.0001684954, 0.4183281064, 0.0770556778
126, 19.624, 0.0608816780, 0.0124555957, 0.0001719804, 0.4214829206, 0.0735092536
127, 19.759, 0.0632359982, 0.0123930639, 0.0001857669, 0.4287759662, 0.0758148283
128, 19.884, 0.0591294654, 0.0123285428, 0.0001840861, 0.4199148118, 0.0716421008
129, 20.034, 0.0645398051, 0.0122492127, 0.0001865688, 0.4270324409, 0.0769755915
130, 20.155, 0.0620768778, 0.0122009153, 0.0002005028, 0.4291154444, 0.0744782984
131, 20.280, 0.0609417893, 0.0121479305, 0.0001989132, 0.4266522527, 0.0732886344
132, 20.396, 0.0623515211, 0.0121062854, 0.0001846088, 0.4292226136, 0.0746424198
133, 20.511, 0.0631987453, 0.0121545084, 0.0001663420, 0.4213913381, 0.0755195916
134, 20.661, 0.0604791455, 0.0122339735, 0.0001717548, 0.4239444137, 0.0728848800
135, 20.781, 0.0620066412, 0.0122159990, 0.0001631179, 0.4229072928, 0.0743857548
136, 20.906, 0.0617973208, 0.0121239331, 0.0001445097, 0.4216841757, 0.0740657672
137, 21.032, 0.0588827021, 0.0120844226, 0.0001348117, 0.4201889336, 0.0711019337
138, 21.164, 0.0570767187, 0.0120645808, 0.0001330250, 0.4185012877, 0.0692743212
139, 21.288, 0.0651404783, 0.0120109553, 0.0001378293, 0.4358637333, 0.0772892609
140, 21.562, 0.0626749545, 0.0120620877, 0.0001182088, 0.4263240695, 0.0748552531
141, 21.683, 0.0586407185, 0.0121110305, 0.0001028371, 0.4303074181, 0.0708545893
142, 21.808, 0.0600288175, 0.0121368542, 0.0001058955, 0.4228650331, 0.0722715631
143, 21.957, 0.0598807372, 0.0120945089, 0.0001207208, 0.4224365056, 0.0720959678
144, 22.114, 0.0584976971, 0.0120217605, 0.0001264323, 0.4214128852, 0.0706458837
145, 22.244, 0.0605620071, 0.0119167119, 0.0001331893, 0.4286087453, 0.0726119056
146, 22.366, 0.0577254519, 0.0119053414, 0.0001336324, 0.4279874265, 0.0697644278
147, 22.528, 0.0570398532, 0.0119519709, 0.0001276947, 0.4226178825, 0.0691195205
148, 22.650, 0.0614148751, 0.0119611658, 0.0001247440, 0.4305139780, 0.0735007897
149, 22.843, 0.0561707020, 0.0119402986, 0.0001193341, 0.4215529561, 0.0682303384
150, 22.962, 0.0570892654, 0.0119395591, 0.0001134364, 0.4372264445, 0.0691422597
151, 23.083, 0.0561056063, 0.0119188866, 0.0001165967, 0.4194291532, 0.0681410879
152, 23.234, 0.0555548742, 0.0119281644, 0.0001109711, 0.4158824682, 0.0675940067
153, 23.354, 0.0562977679, 0.0119219637, 0.0001055988, 0.4270260632, 0.0683253258
154, 23.479, 0.0557686538, 0.0118731372, 0.0001101663, 0.4273553193, 0.0677519590
155, 23.632, 0.0553349741, 0.0117576020, 0.0001232043, 0.4258821905, 0.0672157779
156, 23.770, 0.0568189062, 0.0117604528, 0.0001201418, 0.4233006239, 0.0686995015
157, 23.900, 0.0568741858, 0.0118223932, 0.0001125300, 0.4281570315, 0.0688091144
158, 24.055, 0.0538744554, 0.0118255755, 0.0001050140, 0.4226938486, 0.0658050478
159, 24.179, 0.0556136854, 0.0117591862, 0.0001037112, 0.4221141338, 0.0674765855
160, 24.331, 0.0537493750, 0.0117349904, 0.0001080573, 0.4277221859, 0.0655924231
161, 24.457, 0.0570549592, 0.0116669349, 0.0001097925, 0.4315767288, 0.0688316822
162, 24.594, 0.0531502813, 0.0116889095, 0.0001131889, 0.4245751202, 0.0649523810
163, 24.715, 0.0562419035, 0.0117107080, 0.0001104969, 0.4293253720, 0.0680631101
164, 24.837, 0.0529003181, 0.0116806701, 0.0001060666, 0.4201777875, 0.0646870583
165, 24.962, 0.0519991033, 0.0116416775, 0.0001047124, 0.4150806069, 0.0637454912
166, 25.152, 0.0530395322, 0.0115909036, 0.0001119043, 0.4219919443, 0.0647423416
167, 25.286, 0.0522204861, 0.0115995985, 0.0001209082, 0.4289231896, 0.0639409944
168, 25.408, 0.0523312651, 0.0115926201, 0.0001144459, 0.4251768589, 0.0640383363
169, 25.561, 0.0538955778, 0.0114890402, 0.0001004433, 0.4262609780, 0.0654850602
170, 25.690, 0.0511263125, 0.0114634773, 0.0000940398, 0.4239245057, 0.0626838282
171, 25.812, 0.0544272028, 0.0114591261, 0.0000950206, 0.4270969927, 0.0659813434
172, 25.964, 0.0507518724, 0.0114740329, 0.0001012692, 0.4243662357, 0.0623271726
173, 26.114, 0.0541521832, 0.0114163430, 0.0001118588, 0.4238188565, 0.0656803846
174, 26.248, 0.0504670255, 0.0113637913, 0.0001277512, 0.4213552177, 0.0619585700
175, 26.382, 0.0500913374, 0.0113455197, 0.0001165530, 0.4182178676, 0.0615534112
176, 26.515, 0.0510942824, 0.0113608446, 0.0001078864, 0.4278856814, 0.0625630096
177, 26.701, 0.0555715449, 0.0113566443, 0.0000968363, 0.4389386177, 0.0670250282
178, 26.832, 0.0512411445, 0.0113496780, 0.0000896165, 0.4274407327, 0.0626804382
179, 26.987, 0.0498536937, 0.0113437297, 0.0000882884, 0.4278121293, 0.0612857118
180, 27.115, 0.0495092757, 0.0113524944, 0.0000944322, 0.4303292632, 0.0609562024
181, 27.244, 0.0484491996, 0.0113232275, 0.0000968684, 0.4139088392, 0.0598692968
182, 27.373, 0.0496112928, 0.0112953102, 0.0000898735, 0.4226382375, 0.0609964766
183, 27.524, 0.0511772223, 0.0113087464, 0.0000818692, 0.4240523577, 0.0625678375
184, 27.648, 0.0481346138, 0.0112767974, 0.0000792032, 0.4242039025, 0.0594906136
185, 27.777, 0.0495800786, 0.0112282941, 0.0000815172, 0.4251401126, 0.0608898886
186, 27.925, 0.0470767207, 0.0112327933, 0.0000861614, 0.4256624877, 0.0583956763
187, 28.059, 0.0468522236, 0.0112366863, 0.0000926883, 0.4212743044, 0.0581815988
188, 28.178, 0.0510493852, 0.0112098055, 0.0000943803, 0.4325941801, 0.0623535700
189, 28.315, 0.0485352464, 0.0111869676, 0.0000893546, 0.4237468541, 0.0598115698
190, 28.438, 0.0482980125, 0.0111716352, 0.0000819341, 0.4257604182, 0.0595515817
191, 28.562, 0.0470952205, 0.0111172358, 0.0000843548, 0.4189132750, 0.0582968108
192, 28.688, 0.0505466796, 0.0110765928, 0.0000873059, 0.4211020470, 0.0617105775
193, 28.812, 0.0469626673, 0.0110691041, 0.0000826441, 0.4255189002, 0.0581144169
194, 28.931, 0.0456251912, 0.0110443151, 0.0000760866, 0.4264224768, 0.0567455925
195, 29.085, 0.0488634817, 0.0110255200, 0.0000760625, 0.4239079356, 0.0599650666
196, 29.207, 0.0475349873, 0.0110764559, 0.0000763039, 0.4221105874, 0.0586877503
197, 29.334, 0.0452614985, 0.0111071281, 0.0000843336, 0.4198274910, 0.0564529598
198, 29.453, 0.0447585993, 0.0110380864, 0.0000997984, 0.4179150462, 0.0558964834
199, 29.660, 0.0454955921, 0.0109105902, 0.0001016112, 0.4177595973, 0.0565077923
200, 29.851, 0.0451040231, 0.0109022772, 0.0000885135, 0.4188560843, 0.0560948141
201, 30.000, 0.0459488556, 0.0109628430, 0.0000809546, 0.4181792736, 0.0569926538
202, 30.121, 0.0457207151, 0.0109840129, 0.0000857188, 0.4253734648, 0.0567904487
203, 30.247, 0.0429154895, 0.0109684616, 0.0001060737, 0.4119618833, 0.0539900251
204, 30.373, 0.0431592390, 0.0109252613, 0.0001087565, 0.4179218411, 0.0541932583
205, 30.498, 0.0421894714, 0.0108777741, 0.0000980825, 0.4181147218, 0.0531653278
206, 30.657, 0.0456150547, 0.0107969306, 0.0000872133, 0.4208581150, 0.0564991981
207, 30.806, 0.0459111594, 0.0107785575, 0.0000787818, 0.4237182736, 0.0567684993
208, 30.953, 0.0463281833, 0.0108146835, 0.0000731393, 0.4259868562, 0.0572160073
209, 31.133, 0.0459731556, 0.0109376451, 0.0000639108, 0.4161840379, 0.0569747128
210, 31.253, 0.0449618064, 0.0109832184, 0.0000695197, 0.4290278852, 0.0560145453
211, 31.382, 0.0452708006, 0.0109125050, 0.0000903204, 0.4282108247, 0.0562736243
212, 31.508, 0.0437376276, 0.0107897017, 0.0001103626, 0.4181079566, 0.0546376891
213, 31.638, 0.0421226881, 0.0107335076, 0.0001067834, 0.4160521626, 0.0529629774
214, 31.770, 0.0438283905, 0.0107287038, 0.0000929019, 0.4148030877, 0.0546499938
215, 31.957, 0.0432101861, 0.0107527645, 0.0000886554, 0.4208576679, 0.0540516041
216, 32.083, 0.0437663905, 0.0107614575, 0.0000930890, 0.4220186770, 0.0546209365
217, 32.200, 0.0425715297, 0.0107444627, 0.0001051145, 0.4180144668, 0.0534211062
218, 32.395, 0.0457699150, 0.0107090091, 0.0001112324, 0.4264193773, 0.0565901585
219, 32.532, 0.0426331796, 0.0107003031, 0.0001005182, 0.4196718335, 0.0534340031
220, 32.688, 0.0441918336, 0.0106668947, 0.0000848311, 0.4257874191, 0.0549435616
221, 32.867, 0.0420928486, 0.0106584560, 0.0000797845, 0.4266814590, 0.0528310873
222, 32.997, 0.0437715836, 0.0107310470, 0.0000747542, 0.4232002795, 0.0545773841
223, 33.121, 0.0426560044, 0.0108142607, 0.0000716058, 0.4212418795, 0.0535418727
224, 33.243, 0.0421763062, 0.0108073056, 0.0000853320, 0.4176542759, 0.0530689433
225, 33.376, 0.0418091342, 0.0107517838, 0.0000989083, 0.4195822775, 0.0526598245
226, 33.500, 0.0413449071, 0.0106278257, 0.0000977116, 0.4186888337, 0.0520704426
227, 33.628, 0.0405358449, 0.0105851935, 0.0000896843, 0.4182704687, 0.0512107201
228, 33.754, 0.0405771621, 0.0105949631, 0.0000777134, 0.4236986935, 0.0512498394
229, 33.879, 0.0429184623, 0.0106501086, 0.0000679673, 0.4330108166, 0.0536365397
