epoch, time, loss1, loss2, loss3, loss4, total_loss
0, 2.139, 1.0374282598, 0.0000210732, 0.0006793518, 0.4080224335, 1.0381287336
1, 2.866, 0.7390505672, 0.0000241033, 0.0025187787, 0.3664100766, 0.7415934205
2, 3.105, 0.4729056060, 0.0004885520, 0.0034090360, 0.3429832757, 0.4768031836
3, 3.369, 0.5266729593, 0.0009434976, 0.0040843268, 0.3581958711, 0.5317007899
4, 3.603, 0.4597172141, 0.0014075172, 0.0046910667, 0.3512861729, 0.4658157825
5, 3.866, 0.4080787599, 0.0018192498, 0.0051334226, 0.3485728204, 0.4150314331
6, 4.090, 0.3721130192, 0.0022533322, 0.0056245392, 0.3431406021, 0.3799908757
7, 4.304, 0.2964012027, 0.0027232652, 0.0062511954, 0.3308532834, 0.3053756654
8, 4.528, 0.2971783578, 0.0031754826, 0.0068711564, 0.3287601471, 0.3072250187
9, 4.739, 0.2853123248, 0.0036133560, 0.0074623856, 0.3267232776, 0.2963880599
10, 4.954, 0.2469783127, 0.0040184576, 0.0079903090, 0.3181038201, 0.2589870691
11, 5.180, 0.2249845862, 0.0043767788, 0.0083826026, 0.3172791004, 0.2377439737
12, 5.420, 0.2030666322, 0.0047130683, 0.0086987661, 0.3169910908, 0.2164784670
13, 5.642, 0.1847271174, 0.0050573382, 0.0089926962, 0.3131451309, 0.1987771541
14, 5.857, 0.1853418350, 0.0053826272, 0.0092451572, 0.3145236969, 0.1999696195
15, 6.082, 0.1896407306, 0.0057123611, 0.0094867758, 0.3174310029, 0.2048398703
16, 6.318, 0.1830371618, 0.0060378895, 0.0097394036, 0.3177047670, 0.1988144517
17, 6.558, 0.1668789983, 0.0063734418, 0.0100352503, 0.3130512238, 0.1832876801
18, 6.776, 0.1558292806, 0.0066924794, 0.0103224767, 0.3132948875, 0.1728442460
19, 7.027, 0.1467904896, 0.0069921641, 0.0105931070, 0.3083377182, 0.1643757522
20, 7.255, 0.1355211288, 0.0072785434, 0.0108427387, 0.3101039827, 0.1536424160
21, 7.490, 0.1383108199, 0.0075597907, 0.0110890195, 0.3086975217, 0.1569596231
22, 7.711, 0.1323613971, 0.0078395093, 0.0113725998, 0.3133155406, 0.1515735090
23, 7.937, 0.1208523586, 0.0081062587, 0.0116746463, 0.3085589707, 0.1406332552
24, 8.190, 0.1186113954, 0.0083403718, 0.0119183697, 0.3113120794, 0.1388701349
25, 8.412, 0.1167835966, 0.0085585490, 0.0121371243, 0.3112959266, 0.1374792755
26, 8.628, 0.1169985607, 0.0087659229, 0.0123404805, 0.3113616109, 0.1381049752
27, 8.855, 0.1057729423, 0.0089716688, 0.0125433998, 0.3083826602, 0.1272880137
28, 9.067, 0.1051911414, 0.0091713034, 0.0127263507, 0.3096960187, 0.1270888001
29, 9.286, 0.0967963338, 0.0093537262, 0.0128851403, 0.3089841306, 0.1190351993
30, 9.505, 0.0954304338, 0.0095065478, 0.0129849091, 0.3119032085, 0.1179218888
31, 9.717, 0.0938422680, 0.0096350154, 0.0130311996, 0.3137532771, 0.1165084839
32, 9.937, 0.0965359583, 0.0097554829, 0.0130626885, 0.3162232041, 0.1193541288
33, 10.158, 0.0930111855, 0.0098869624, 0.0131287826, 0.3133995831, 0.1160269305
34, 10.380, 0.0879136845, 0.0100175161, 0.0131951338, 0.3144322336, 0.1111263335
35, 10.597, 0.0856647491, 0.0101367189, 0.0132376356, 0.3120660186, 0.1090390980
36, 10.835, 0.0828705281, 0.0102454843, 0.0132492511, 0.3128129542, 0.1063652635
37, 11.062, 0.0807848722, 0.0103394687, 0.0132376924, 0.3127008379, 0.1043620333
38, 11.281, 0.0828555375, 0.0104209706, 0.0132222800, 0.3147137463, 0.1064987853
39, 11.541, 0.0776377767, 0.0104961703, 0.0132054472, 0.3109439611, 0.1013393924
40, 11.758, 0.0741416812, 0.0105617177, 0.0131853567, 0.3105120063, 0.0978887603
41, 11.981, 0.0801692083, 0.0106134573, 0.0131426184, 0.3172464371, 0.1039252803
42, 12.201, 0.0756756738, 0.0106613860, 0.0130984755, 0.3135205209, 0.0994355381
43, 12.427, 0.0722373426, 0.0106960973, 0.0130356839, 0.3161888719, 0.0959691256
44, 12.644, 0.0764913559, 0.0107220374, 0.0129574258, 0.3156984746, 0.1001708210
45, 12.868, 0.0735361427, 0.0107490234, 0.0128895231, 0.3151708841, 0.0971746892
46, 13.091, 0.0735565647, 0.0107633239, 0.0128204189, 0.3144298494, 0.0971403122
47, 13.312, 0.0734186471, 0.0107747708, 0.0127504021, 0.3186282218, 0.0969438180
48, 13.536, 0.0734456852, 0.0107838325, 0.0126729105, 0.3201138675, 0.0969024226
49, 13.752, 0.0695853829, 0.0107974308, 0.0126028517, 0.3168186247, 0.0929856673
50, 13.970, 0.0705535337, 0.0108030345, 0.0125287734, 0.3204448223, 0.0938853472
51, 14.188, 0.0666387454, 0.0108061023, 0.0124650095, 0.3180379868, 0.0899098590
52, 14.436, 0.0674640983, 0.0107997730, 0.0123943659, 0.3157800734, 0.0906582400
53, 14.652, 0.0685188472, 0.0108022597, 0.0123322373, 0.3224468231, 0.0916533470
54, 14.869, 0.0657086596, 0.0108146966, 0.0123065505, 0.3169656396, 0.0888299048
55, 15.086, 0.0655915216, 0.0108163916, 0.0122655611, 0.3154395819, 0.0886734724
56, 15.300, 0.0708242208, 0.0108144907, 0.0122119123, 0.3173584044, 0.0938506201
57, 15.522, 0.0625089556, 0.0108080143, 0.0121714231, 0.3114102185, 0.0854883939
58, 15.743, 0.0654229671, 0.0107989674, 0.0121101029, 0.3205899000, 0.0883320421
59, 15.958, 0.0641872883, 0.0107957572, 0.0120644029, 0.3179216683, 0.0870474502
60, 16.181, 0.0628312603, 0.0107991314, 0.0120238271, 0.3192825913, 0.0856542215
61, 16.402, 0.0636669993, 0.0108061507, 0.0119980071, 0.3187019527, 0.0864711553
62, 16.641, 0.0620665513, 0.0108085675, 0.0119724181, 0.3191980422, 0.0848475397
63, 16.860, 0.0624219254, 0.0108055174, 0.0119385319, 0.3190273941, 0.0851659775
64, 17.077, 0.0607915334, 0.0107985158, 0.0118832067, 0.3155253232, 0.0834732577
65, 17.299, 0.0600100532, 0.0107868845, 0.0118314568, 0.3169087172, 0.0826283917
66, 17.519, 0.0591783784, 0.0107801547, 0.0117814746, 0.3156521916, 0.0817400068
67, 17.738, 0.0597610399, 0.0107645467, 0.0117221130, 0.3186871111, 0.0822476968
68, 17.955, 0.0605987720, 0.0107539976, 0.0116568916, 0.3180258274, 0.0830096602
69, 18.175, 0.0603790022, 0.0107525913, 0.0116246529, 0.3207960725, 0.0827562511
70, 18.395, 0.0585838147, 0.0107587995, 0.0116137639, 0.3208024502, 0.0809563771
71, 18.610, 0.0569824390, 0.0107488697, 0.0115545411, 0.3203887343, 0.0792858452
72, 18.834, 0.0577336252, 0.0107425917, 0.0115158362, 0.3223559856, 0.0799920484
73, 19.058, 0.0597713403, 0.0107457945, 0.0114904651, 0.3193008304, 0.0820076019
74, 19.280, 0.0559013598, 0.0107458914, 0.0114567392, 0.3176510036, 0.0781039894
75, 19.539, 0.0592403375, 0.0107386932, 0.0114240106, 0.3186719716, 0.0814030394
76, 19.759, 0.0564958118, 0.0107200993, 0.0113600846, 0.3174560666, 0.0785759985
77, 19.979, 0.0573409870, 0.0107008256, 0.0113005666, 0.3222917616, 0.0793423802
78, 20.202, 0.0563051887, 0.0106971357, 0.0112708919, 0.3194255531, 0.0782732219
79, 20.433, 0.0571115948, 0.0106911091, 0.0112212617, 0.3208080232, 0.0790239647
80, 20.651, 0.0563042201, 0.0106855705, 0.0111820446, 0.3216315806, 0.0781718418
81, 20.874, 0.0556540638, 0.0106767574, 0.0111369919, 0.3208745718, 0.0774678141
82, 21.092, 0.0573086664, 0.0106613897, 0.0110980198, 0.3233431876, 0.0790680721
83, 21.326, 0.0553841330, 0.0106402459, 0.0110214744, 0.3192194700, 0.0770458505
84, 21.583, 0.0561855398, 0.0106137702, 0.0109336386, 0.3197404444, 0.0777329504
85, 21.802, 0.0564980730, 0.0106084784, 0.0108962292, 0.3228492141, 0.0780027807
86, 22.025, 0.0540070869, 0.0106048575, 0.0108615654, 0.3200851381, 0.0754735097
87, 22.265, 0.0566240028, 0.0105859758, 0.0107984943, 0.3203003407, 0.0780084729
88, 22.488, 0.0556893311, 0.0105682313, 0.0107375206, 0.3203973770, 0.0769950897
89, 22.706, 0.0553908087, 0.0105600078, 0.0106924856, 0.3197083473, 0.0766433030
90, 22.928, 0.0541372113, 0.0105547346, 0.0106587447, 0.3207239211, 0.0753506869
91, 23.156, 0.0521784425, 0.0105367638, 0.0106150098, 0.3191187680, 0.0733302087
92, 23.369, 0.0543581285, 0.0105201788, 0.0105465678, 0.3211926520, 0.0754248723
93, 23.602, 0.0538525246, 0.0105153369, 0.0105118267, 0.3156061172, 0.0748796910
94, 23.818, 0.0530512109, 0.0105015626, 0.0104521532, 0.3216445744, 0.0740049258
95, 24.035, 0.0547824502, 0.0104823001, 0.0104046417, 0.3157576323, 0.0756693855
96, 24.252, 0.0519951247, 0.0104553094, 0.0103318244, 0.3232671916, 0.0727822632
97, 24.476, 0.0524731316, 0.0104391528, 0.0102831163, 0.3239861429, 0.0731953979
98, 24.691, 0.0517510287, 0.0104217781, 0.0102226380, 0.3196575046, 0.0723954439
99, 24.906, 0.0529780984, 0.0103932507, 0.0101550175, 0.3230758905, 0.0735263601
100, 25.123, 0.0527798124, 0.0103815012, 0.0101234959, 0.3211917281, 0.0732848123
101, 25.354, 0.0520565026, 0.0103671849, 0.0100841420, 0.3229240179, 0.0725078285
102, 25.573, 0.0518896617, 0.0103456704, 0.0100255152, 0.3192180693, 0.0722608492
103, 25.790, 0.0512034632, 0.0103254216, 0.0099620856, 0.3212346137, 0.0714909732
104, 26.007, 0.0523536131, 0.0103009623, 0.0099282395, 0.3223208785, 0.0725828186
105, 26.228, 0.0517690778, 0.0102830417, 0.0098722922, 0.3212616146, 0.0719244108
106, 26.449, 0.0515452810, 0.0102656698, 0.0098253246, 0.3196482658, 0.0716362745
107, 26.663, 0.0519719869, 0.0102415010, 0.0097549511, 0.3250625730, 0.0719684362
108, 26.880, 0.0510886572, 0.0102128824, 0.0096798250, 0.3228880465, 0.0709813684
109, 27.098, 0.0506608374, 0.0101848356, 0.0096189110, 0.3222544193, 0.0704645813
110, 27.317, 0.0509795286, 0.0101659866, 0.0095635829, 0.3199689686, 0.0707090944
111, 27.547, 0.0515631661, 0.0101467567, 0.0095069045, 0.3215135336, 0.0712168291
112, 27.779, 0.0514015891, 0.0101248585, 0.0094405701, 0.3233146667, 0.0709670186
113, 27.995, 0.0504614823, 0.0101209851, 0.0094059100, 0.3219101429, 0.0699883774
114, 28.227, 0.0515141673, 0.0101015428, 0.0093464423, 0.3238599300, 0.0709621534
115, 28.452, 0.0504834019, 0.0100763002, 0.0092756385, 0.3230603337, 0.0698353425
116, 28.667, 0.0498845391, 0.0100584775, 0.0092235319, 0.3212333918, 0.0691665486
117, 28.899, 0.0507764667, 0.0100424942, 0.0091633378, 0.3215655088, 0.0699822977
118, 29.123, 0.0501883030, 0.0100354804, 0.0091192266, 0.3247681856, 0.0693430081
119, 29.337, 0.0499119125, 0.0100265564, 0.0090738526, 0.3227751255, 0.0690123215
120, 29.556, 0.0497626439, 0.0100036133, 0.0090079820, 0.3210501969, 0.0687742382
121, 29.842, 0.0507787243, 0.0099864751, 0.0089634238, 0.3241587579, 0.0697286204
122, 30.062, 0.0492939502, 0.0099783540, 0.0089269523, 0.3228728473, 0.0681992546
123, 30.283, 0.0488501862, 0.0099675534, 0.0088712871, 0.3237095773, 0.0676890314
124, 30.506, 0.0488515161, 0.0099511109, 0.0088119358, 0.3232589364, 0.0676145628
125, 30.721, 0.0488911569, 0.0099346926, 0.0087642968, 0.3241303265, 0.0675901473
126, 30.938, 0.0507322252, 0.0099125421, 0.0087072672, 0.3245984614, 0.0693520382
127, 31.154, 0.0484248027, 0.0098992167, 0.0086455271, 0.3241153359, 0.0669695437
128, 31.375, 0.0483286940, 0.0098920371, 0.0085930433, 0.3243084550, 0.0668137744
129, 31.601, 0.0483993702, 0.0098747723, 0.0085363863, 0.3216463029, 0.0668105260
130, 31.818, 0.0501459651, 0.0098592732, 0.0084949927, 0.3251351118, 0.0685002357
131, 32.033, 0.0492169708, 0.0098588532, 0.0084693851, 0.3238208890, 0.0675452128
132, 32.261, 0.0475320257, 0.0098520229, 0.0084249452, 0.3252525628, 0.0658089966
133, 32.481, 0.0510601401, 0.0098342514, 0.0083702672, 0.3234204948, 0.0692646578
134, 32.700, 0.0466664471, 0.0098198494, 0.0083342455, 0.3227560222, 0.0648205429
135, 32.912, 0.0487853587, 0.0097996499, 0.0082617933, 0.3251211941, 0.0668468028
136, 33.134, 0.0490573272, 0.0097726360, 0.0082066683, 0.3255295753, 0.0670366287
137, 33.351, 0.0483477488, 0.0097529897, 0.0081462683, 0.3252785504, 0.0662470087
138, 33.573, 0.0482658967, 0.0097371666, 0.0081017232, 0.3244118690, 0.0661047846
139, 33.792, 0.0486379154, 0.0097124241, 0.0080298828, 0.3235324323, 0.0663802251
140, 34.009, 0.0486194827, 0.0096868165, 0.0079651633, 0.3256154060, 0.0662714615
141, 34.243, 0.0475980751, 0.0096705155, 0.0079183662, 0.3226647079, 0.0651869550
142, 34.479, 0.0481946841, 0.0096539501, 0.0078775724, 0.3258694112, 0.0657262057
143, 34.701, 0.0484085195, 0.0096135791, 0.0077899955, 0.3236063123, 0.0658120960
144, 34.928, 0.0485855006, 0.0095778778, 0.0077178329, 0.3262926638, 0.0658812076
145, 35.147, 0.0491332300, 0.0095538907, 0.0076659434, 0.3275882900, 0.0663530678
146, 35.369, 0.0475700423, 0.0095369313, 0.0076223887, 0.3277185261, 0.0647293627
147, 35.589, 0.0475723296, 0.0095199253, 0.0075703966, 0.3238450587, 0.0646626502
148, 35.815, 0.0470676348, 0.0094879940, 0.0074959425, 0.3241828382, 0.0640515685
149, 36.026, 0.0469728112, 0.0094707254, 0.0074550505, 0.3248629272, 0.0638985857
150, 36.253, 0.0474901013, 0.0094486615, 0.0074000172, 0.3261096179, 0.0643387809
151, 36.472, 0.0479105599, 0.0094184410, 0.0073359855, 0.3230544925, 0.0646649823
152, 36.691, 0.0474085957, 0.0093960157, 0.0072884965, 0.3259250224, 0.0640931055
153, 36.907, 0.0476832315, 0.0093705645, 0.0072331075, 0.3261049092, 0.0642869025
154, 37.126, 0.0487226583, 0.0093477517, 0.0071905488, 0.3229654729, 0.0652609617
155, 37.350, 0.0471481308, 0.0093133831, 0.0071271248, 0.3245703578, 0.0635886341
156, 37.572, 0.0481544621, 0.0092794206, 0.0070544500, 0.3213281333, 0.0644883290
157, 37.789, 0.0468326025, 0.0092507126, 0.0069794212, 0.3250208795, 0.0630627349
158, 38.008, 0.0469894968, 0.0092160869, 0.0069086524, 0.3244318962, 0.0631142408
159, 38.229, 0.0482770912, 0.0091831945, 0.0068421662, 0.3280053139, 0.0643024519
160, 38.452, 0.0479301624, 0.0091545815, 0.0067870594, 0.3273907900, 0.0638718009
161, 38.671, 0.0482245646, 0.0091275265, 0.0067334073, 0.3281734288, 0.0640854985
162, 38.892, 0.0471904539, 0.0090908566, 0.0066711605, 0.3276861310, 0.0629524738
163, 39.183, 0.0473633558, 0.0090692565, 0.0066204094, 0.3266491890, 0.0630530193
164, 39.398, 0.0471597761, 0.0090512093, 0.0065729106, 0.3265003562, 0.0627838969
165, 39.616, 0.0463902131, 0.0090376427, 0.0065369047, 0.3271456957, 0.0619647615
166, 39.834, 0.0468221977, 0.0090195267, 0.0064915619, 0.3257905245, 0.0623332858
167, 40.051, 0.0463705845, 0.0090016117, 0.0064494866, 0.3259176612, 0.0618216842
168, 40.271, 0.0463634394, 0.0089962799, 0.0064242063, 0.3262549341, 0.0617839284
169, 40.497, 0.0464105904, 0.0089758234, 0.0063803182, 0.3280744851, 0.0617667325
170, 40.712, 0.0468361750, 0.0089649567, 0.0063520712, 0.3243711889, 0.0621532016
171, 40.930, 0.0455560349, 0.0089563793, 0.0063215336, 0.3263059855, 0.0608339496
172, 41.155, 0.0469404422, 0.0089419568, 0.0062866653, 0.3287818432, 0.0621690638
173, 41.373, 0.0466458164, 0.0089197913, 0.0062370598, 0.3209821284, 0.0618026666
174, 41.598, 0.0453168005, 0.0088892682, 0.0061879302, 0.3230367601, 0.0603940003
175, 41.822, 0.0460603312, 0.0088481028, 0.0061216266, 0.3255288005, 0.0610300601
176, 42.040, 0.0447778404, 0.0088175284, 0.0060614669, 0.3265685737, 0.0596568361
177, 42.263, 0.0454427823, 0.0087942844, 0.0060061631, 0.3252557516, 0.0602432303
178, 42.500, 0.0455935821, 0.0087628243, 0.0059560016, 0.3265161812, 0.0603124090
179, 42.737, 0.0467501283, 0.0087356251, 0.0059084618, 0.3286073208, 0.0613942184
180, 42.972, 0.0458306298, 0.0087109087, 0.0058676754, 0.3257873654, 0.0604092143
181, 43.217, 0.0454628132, 0.0086927013, 0.0058274553, 0.3265483975, 0.0599829704
182, 43.444, 0.0457320027, 0.0086613689, 0.0057648253, 0.3212894201, 0.0601582006
183, 43.663, 0.0457709134, 0.0086274752, 0.0056974106, 0.3305270076, 0.0600957982
184, 43.885, 0.0460008159, 0.0086189937, 0.0056745005, 0.3261405826, 0.0602943115
185, 44.105, 0.0454037711, 0.0086018257, 0.0056442898, 0.3284102380, 0.0596498847
186, 44.331, 0.0460457280, 0.0085704178, 0.0055828607, 0.3245536983, 0.0601990074
187, 44.547, 0.0451406687, 0.0085430294, 0.0055243387, 0.3241856396, 0.0592080355
188, 44.761, 0.0458167791, 0.0085106995, 0.0054642176, 0.3295650184, 0.0597916991
189, 44.974, 0.0441155769, 0.0084960563, 0.0054333480, 0.3258972764, 0.0580449812
190, 45.188, 0.0453830585, 0.0084766662, 0.0053963498, 0.3250879347, 0.0592560768
191, 45.409, 0.0455791876, 0.0084629338, 0.0053615905, 0.3290309012, 0.0594037138
192, 45.626, 0.0446241349, 0.0084587112, 0.0053479392, 0.3224133253, 0.0584307835
193, 45.844, 0.0457943566, 0.0084417816, 0.0053182752, 0.3252643049, 0.0595544130
194, 46.061, 0.0440876484, 0.0084230881, 0.0052942415, 0.3250533044, 0.0578049794
195, 46.276, 0.0455153249, 0.0083995778, 0.0052706813, 0.3260588050, 0.0591855869
196, 46.507, 0.0445280895, 0.0083823204, 0.0052488195, 0.3240082860, 0.0581592284
197, 46.724, 0.0459328927, 0.0083605349, 0.0052165268, 0.3270349205, 0.0595099553
198, 46.939, 0.0458938777, 0.0083447164, 0.0051915101, 0.3224726021, 0.0594301037
199, 47.170, 0.0440191031, 0.0083317123, 0.0051729679, 0.3233849704, 0.0575237833
200, 47.389, 0.0445950180, 0.0082982145, 0.0051207943, 0.3253949285, 0.0580140278
201, 47.616, 0.0437036864, 0.0082714278, 0.0050859181, 0.3250312507, 0.0570610352
202, 47.831, 0.0452503935, 0.0082372194, 0.0050483150, 0.3274563551, 0.0585359298
203, 48.046, 0.0442412570, 0.0082172304, 0.0050295363, 0.3231821656, 0.0574880242
204, 48.262, 0.0453667939, 0.0081811547, 0.0049825897, 0.3265144527, 0.0585305393
205, 48.489, 0.0437246040, 0.0081633357, 0.0049605421, 0.3246408403, 0.0568484813
206, 48.731, 0.0448789410, 0.0081292484, 0.0049290610, 0.3234957457, 0.0579372533
207, 48.960, 0.0450838059, 0.0080866767, 0.0048887790, 0.3252422512, 0.0580592640
208, 49.214, 0.0438424125, 0.0080639431, 0.0048588621, 0.3235274255, 0.0567652173
209, 49.444, 0.0455119163, 0.0080443127, 0.0048288489, 0.3280159533, 0.0583850779
210, 49.688, 0.0447106399, 0.0080285864, 0.0048032282, 0.3239813149, 0.0575424545
211, 49.911, 0.0442045741, 0.0080036884, 0.0047773281, 0.3240120709, 0.0569855906
212, 50.142, 0.0441742875, 0.0079850769, 0.0047556902, 0.3243170679, 0.0569150560
213, 50.360, 0.0448727235, 0.0079505369, 0.0047218422, 0.3289219141, 0.0575451031
214, 50.591, 0.0448867753, 0.0079275398, 0.0047057178, 0.3259923160, 0.0575200319
215, 50.828, 0.0444523729, 0.0079237008, 0.0046969294, 0.3227218390, 0.0570730008
216, 51.061, 0.0447920524, 0.0079175979, 0.0046829693, 0.3250768185, 0.0573926196
217, 51.286, 0.0446471460, 0.0079088798, 0.0046601291, 0.3241710365, 0.0572161563
218, 51.512, 0.0434352532, 0.0078855976, 0.0046338406, 0.3231144249, 0.0559546910
219, 51.736, 0.0440838039, 0.0078643635, 0.0046079168, 0.3240908384, 0.0565560833
220, 51.954, 0.0432262830, 0.0078501413, 0.0045776907, 0.3280067444, 0.0556541160
221, 52.177, 0.0438490137, 0.0078386180, 0.0045553185, 0.3265429735, 0.0562429503
222, 52.396, 0.0439262912, 0.0078255041, 0.0045357691, 0.3255856037, 0.0562875643
223, 52.620, 0.0447040908, 0.0078196293, 0.0045235353, 0.3257937133, 0.0570472553
224, 52.846, 0.0435352959, 0.0078125102, 0.0045203888, 0.3253940940, 0.0558681972
225, 53.062, 0.0439712703, 0.0078087687, 0.0045018541, 0.3242370784, 0.0562818907
226, 53.280, 0.0434376672, 0.0078136344, 0.0045002778, 0.3227860332, 0.0557515770
227, 53.514, 0.0428542867, 0.0078003840, 0.0044708787, 0.3223019540, 0.0551255494
228, 53.737, 0.0437750705, 0.0077920747, 0.0044398867, 0.3253020048, 0.0560070314
229, 53.956, 0.0439307727, 0.0077807643, 0.0044099167, 0.3225194514, 0.0561214536
230, 54.176, 0.0432924367, 0.0077694179, 0.0043856138, 0.3241763711, 0.0554474667
231, 54.408, 0.0440171212, 0.0077507501, 0.0043518497, 0.3235273659, 0.0561197214
232, 54.627, 0.0421454087, 0.0077273771, 0.0043109348, 0.3182166219, 0.0541837215
233, 54.846, 0.0426024720, 0.0076994221, 0.0042755152, 0.3235357702, 0.0545774102
234, 55.102, 0.0448322594, 0.0076796287, 0.0042548524, 0.3203491271, 0.0567667410
235, 55.364, 0.0426403694, 0.0076575149, 0.0042364188, 0.3227749765, 0.0545343049
236, 55.593, 0.0430813991, 0.0076363860, 0.0042197914, 0.3217151463, 0.0549375787
237, 55.816, 0.0427642837, 0.0076128179, 0.0042003603, 0.3247404695, 0.0545774624
238, 56.040, 0.0423712507, 0.0075978553, 0.0041928086, 0.3239935040, 0.0541619137
239, 56.270, 0.0427069664, 0.0075709932, 0.0041702171, 0.3219836354, 0.0544481762
240, 56.492, 0.0416488983, 0.0075527476, 0.0041613444, 0.3225127161, 0.0533629879
241, 56.733, 0.0432730988, 0.0075300606, 0.0041422606, 0.3237761855, 0.0549454205
242, 56.949, 0.0420591123, 0.0075140460, 0.0041282475, 0.3248505890, 0.0537014045
243, 57.168, 0.0423029624, 0.0074928845, 0.0041091521, 0.3205160201, 0.0539049990
244, 57.392, 0.0415794104, 0.0074761175, 0.0040972526, 0.3222696781, 0.0531527810
245, 57.614, 0.0432354026, 0.0074578808, 0.0040770499, 0.3237652779, 0.0547703356
246, 57.835, 0.0422274731, 0.0074621886, 0.0040838690, 0.3209403753, 0.0537735298
247, 58.049, 0.0425979830, 0.0074405218, 0.0040559550, 0.3224003315, 0.0540944599
248, 58.271, 0.0422674976, 0.0074233389, 0.0040260116, 0.3219543099, 0.0537168458
249, 58.503, 0.0413480513, 0.0074115647, 0.0040101432, 0.3223894835, 0.0527697615
250, 58.752, 0.0437422395, 0.0074011255, 0.0039845626, 0.3234389424, 0.0551279262
251, 58.981, 0.0428820886, 0.0073722564, 0.0039579002, 0.3210716844, 0.0542122461
252, 59.234, 0.0424543992, 0.0073645725, 0.0039376672, 0.3223331571, 0.0537566394
253, 59.469, 0.0420555845, 0.0073628980, 0.0039260108, 0.3219965696, 0.0533444956
254, 59.688, 0.0413275585, 0.0073444932, 0.0039260196, 0.3232528269, 0.0525980704
255, 59.907, 0.0420182124, 0.0073285964, 0.0038779378, 0.3205921948, 0.0532247461
256, 60.141, 0.0417961739, 0.0073047192, 0.0038469662, 0.3219349384, 0.0529478602
257, 60.392, 0.0414124653, 0.0072996239, 0.0038285928, 0.3216672242, 0.0525406823
258, 60.619, 0.0419352353, 0.0072937557, 0.0037988231, 0.3247933686, 0.0530278161
259, 60.850, 0.0413945578, 0.0072929473, 0.0037745750, 0.3198107481, 0.0524620824
260, 61.106, 0.0409264974, 0.0072876918, 0.0037396662, 0.3197496533, 0.0519538559
261, 61.331, 0.0426502191, 0.0072620432, 0.0036894388, 0.3198674917, 0.0536017008
262, 61.566, 0.0413954109, 0.0072555328, 0.0036787188, 0.3238205910, 0.0523296632
263, 61.797, 0.0413755663, 0.0072542201, 0.0036549747, 0.3213223815, 0.0522847623
264, 62.024, 0.0416465215, 0.0072281985, 0.0036115460, 0.3198579252, 0.0524862669
265, 62.257, 0.0425973758, 0.0072074807, 0.0035704698, 0.3209810257, 0.0533753261
266, 62.502, 0.0417248383, 0.0072259651, 0.0035413455, 0.3196924329, 0.0524921492
267, 62.724, 0.0423873477, 0.0072243763, 0.0035140561, 0.3225463033, 0.0531257801
268, 62.953, 0.0423656292, 0.0072115860, 0.0034819169, 0.3212437034, 0.0530591309
269, 63.199, 0.0407754928, 0.0071843220, 0.0034122416, 0.3172254860, 0.0513720587
270, 63.424, 0.0414177589, 0.0071665458, 0.0034140188, 0.3151145279, 0.0519983247
271, 63.642, 0.0410481282, 0.0071464567, 0.0033700471, 0.3203099966, 0.0515646301
272, 63.863, 0.0418062583, 0.0071221176, 0.0032636845, 0.3214444816, 0.0521920621
273, 64.123, 0.0411736928, 0.0071109673, 0.0032808334, 0.3194957972, 0.0515654944
274, 64.403, 0.0410761125, 0.0070891106, 0.0032251158, 0.3178101778, 0.0513903387
275, 64.625, 0.0418425538, 0.0070673549, 0.0032067581, 0.3192933202, 0.0521166697
276, 64.847, 0.0412147380, 0.0070480956, 0.0030900557, 0.3194533587, 0.0513528883
277, 65.065, 0.0405882299, 0.0070465379, 0.0030992094, 0.3203331530, 0.0507339798
278, 65.287, 0.0407831110, 0.0070336284, 0.0029830015, 0.3174567819, 0.0507997386
279, 65.524, 0.0416141078, 0.0070014256, 0.0029162769, 0.3161739409, 0.0515318103
280, 65.752, 0.0410521477, 0.0069894996, 0.0029035565, 0.3145141006, 0.0509452075
281, 65.972, 0.0409763455, 0.0069295233, 0.0025840469, 0.3202381432, 0.0504899174
282, 66.189, 0.0411938690, 0.0069697415, 0.0032273144, 0.3195340335, 0.0513909273
283, 66.407, 0.0412557796, 0.0069760773, 0.0032932491, 0.3196116984, 0.0515251048
284, 66.637, 0.0409763791, 0.0069807610, 0.0032831496, 0.3197324872, 0.0512402914
285, 66.853, 0.0403536297, 0.0069799805, 0.0032765900, 0.3168422878, 0.0506101996
286, 67.075, 0.0406925566, 0.0069843032, 0.0032633708, 0.3172177672, 0.0509402305
287, 67.303, 0.0412234925, 0.0069633625, 0.0032168711, 0.3192851543, 0.0514037237
288, 67.524, 0.0395670906, 0.0069574858, 0.0031756542, 0.3175398707, 0.0497002304
289, 67.751, 0.0397157483, 0.0069366535, 0.0031151138, 0.3165157139, 0.0497675166
290, 67.972, 0.0406282432, 0.0069008819, 0.0030270717, 0.3204165995, 0.0505561940
291, 68.191, 0.0397528298, 0.0068796808, 0.0029179144, 0.3172188997, 0.0495504253
292, 68.409, 0.0399319082, 0.0068571102, 0.0027677810, 0.3189580441, 0.0495568030
293, 68.633, 0.0401489995, 0.0068459106, 0.0026018790, 0.3198371232, 0.0495967902
294, 68.852, 0.0397675224, 0.0068141199, 0.0023929754, 0.3180029392, 0.0489746146
295, 69.093, 0.0396727994, 0.0067515997, 0.0021543244, 0.3190092742, 0.0485787243
296, 69.310, 0.0396863930, 0.0066879722, 0.0019983405, 0.3180122972, 0.0483727045
297, 69.532, 0.0400478169, 0.0066704089, 0.0020331361, 0.3201163113, 0.0487513617
298, 69.752, 0.0392509699, 0.0066313138, 0.0019622813, 0.3174349964, 0.0478445664
299, 69.972, 0.0389047861, 0.0066415025, 0.0019949407, 0.3162319362, 0.0475412309
300, 70.206, 0.0384442843, 0.0066268006, 0.0019504935, 0.3145398498, 0.0470215790
301, 70.431, 0.0390468836, 0.0065790103, 0.0018203398, 0.3159365654, 0.0474462360
302, 70.659, 0.0387424752, 0.0065780999, 0.0018061660, 0.3180732131, 0.0471267402
303, 70.902, 0.0387689285, 0.0065678600, 0.0017451622, 0.3194611967, 0.0470819511
304, 71.120, 0.0395282395, 0.0065381965, 0.0016477389, 0.3172134757, 0.0477141775
305, 71.370, 0.0383322984, 0.0065525514, 0.0016374459, 0.3157365620, 0.0465222970
306, 71.634, 0.0380905420, 0.0065500438, 0.0016165299, 0.3152343929, 0.0462571159
307, 71.864, 0.0392718203, 0.0065310113, 0.0015584220, 0.3133120835, 0.0473612547
308, 72.085, 0.0382495299, 0.0065080319, 0.0015067701, 0.3157233298, 0.0462643318
309, 72.303, 0.0384588204, 0.0065149199, 0.0015155763, 0.3137500584, 0.0464893132
310, 72.528, 0.0376137495, 0.0064951037, 0.0014152779, 0.3162357211, 0.0455241315
311, 72.745, 0.0377204232, 0.0065015075, 0.0014329255, 0.3167536855, 0.0456548557
312, 72.964, 0.0378818996, 0.0064861416, 0.0013962002, 0.3138329089, 0.0457642414
313, 73.182, 0.0379566737, 0.0064581465, 0.0013088930, 0.3185438216, 0.0457237102
314, 73.400, 0.0381661952, 0.0064926818, 0.0013661650, 0.3162540197, 0.0460250415
315, 73.633, 0.0368739404, 0.0064759795, 0.0013126498, 0.3141435385, 0.0446625724
316, 73.855, 0.0371529311, 0.0064384830, 0.0012527251, 0.3131606579, 0.0448441394
317, 74.083, 0.0372432321, 0.0064402539, 0.0012374959, 0.3170282841, 0.0449209809
318, 74.300, 0.0371815749, 0.0064524296, 0.0012302086, 0.3167561889, 0.0448642150
319, 74.519, 0.0377758965, 0.0064236457, 0.0011636157, 0.3143555522, 0.0453631580
320, 74.741, 0.0369089171, 0.0063834549, 0.0010923548, 0.3133053184, 0.0443847291
321, 74.961, 0.0372834392, 0.0064492887, 0.0013044643, 0.3161772788, 0.0450371914
322, 75.194, 0.0369453244, 0.0064199013, 0.0011564926, 0.3139705956, 0.0445217192
323, 75.438, 0.0371084586, 0.0063267061, 0.0009703387, 0.3135155141, 0.0444055013
324, 75.661, 0.0372232869, 0.0064513274, 0.0012401522, 0.3150353134, 0.0449147671
325, 75.881, 0.0361583829, 0.0064260177, 0.0011617066, 0.3128437996, 0.0437461063
326, 76.101, 0.0369185060, 0.0063262149, 0.0009368415, 0.3144798577, 0.0441815592
327, 76.340, 0.0362649895, 0.0063398546, 0.0009299105, 0.3114744425, 0.0435347557
328, 76.559, 0.0361632816, 0.0063510388, 0.0009797644, 0.3136719465, 0.0434940830
329, 76.775, 0.0364319943, 0.0063258484, 0.0009709962, 0.3153466582, 0.0437288396
330, 77.002, 0.0362532511, 0.0062724683, 0.0008496952, 0.3157356083, 0.0433754139
331, 77.223, 0.0360737108, 0.0062654191, 0.0008399367, 0.3132010102, 0.0431790687
332, 77.454, 0.0364435278, 0.0062560881, 0.0008776174, 0.3130982816, 0.0435772352
333, 77.676, 0.0363072455, 0.0062221135, 0.0008324367, 0.3130307496, 0.0433617979
334, 77.901, 0.0357344002, 0.0061746789, 0.0007395794, 0.3152122796, 0.0426486582
335, 78.125, 0.0359008461, 0.0061676577, 0.0007229113, 0.3148449361, 0.0427914150
336, 78.359, 0.0357124135, 0.0061438084, 0.0006816402, 0.3151231408, 0.0425378606
337, 78.577, 0.0354196802, 0.0061341105, 0.0006995668, 0.3128784001, 0.0422533602
338, 78.801, 0.0358656682, 0.0061185039, 0.0006959702, 0.3152385056, 0.0426801406
339, 79.020, 0.0357156582, 0.0060908627, 0.0006088899, 0.3128362000, 0.0424154103
340, 79.243, 0.0357103460, 0.0060296976, 0.0004971563, 0.3124585450, 0.0422371998
341, 79.486, 0.0354068168, 0.0060583712, 0.0005596148, 0.3126596510, 0.0420248024
342, 79.706, 0.0354648754, 0.0060315169, 0.0005509595, 0.3127884567, 0.0420473516
343, 79.931, 0.0354262404, 0.0060306084, 0.0005613293, 0.3126054406, 0.0420181789
344, 80.182, 0.0353008695, 0.0060235984, 0.0005379074, 0.3151148558, 0.0418623723
345, 80.406, 0.0365304202, 0.0060111918, 0.0005004934, 0.3116949499, 0.0430421047
346, 80.627, 0.0352711231, 0.0059462665, 0.0004104001, 0.3164629638, 0.0416277908
347, 80.852, 0.0354681946, 0.0059792530, 0.0004991735, 0.3138752878, 0.0419466197
348, 81.070, 0.0351823121, 0.0059412369, 0.0004102898, 0.3147056997, 0.0415338390
349, 81.314, 0.0356051102, 0.0059115412, 0.0003530889, 0.3126597106, 0.0418697409
350, 81.539, 0.0346412212, 0.0059140613, 0.0003475634, 0.3150665462, 0.0409028456
351, 81.759, 0.0350153185, 0.0059276843, 0.0003775268, 0.3141236305, 0.0413205326
352, 81.981, 0.0347916670, 0.0058886446, 0.0003001177, 0.3132422268, 0.0409804285
353, 82.201, 0.0349831358, 0.0058610141, 0.0002665722, 0.3150284588, 0.0411107205
354, 82.423, 0.0347081497, 0.0058954051, 0.0003381006, 0.3141163290, 0.0409416556
355, 82.654, 0.0350478627, 0.0058894702, 0.0003217641, 0.3111984134, 0.0412590988
356, 82.872, 0.0350473337, 0.0057805772, 0.0001772198, 0.3139753342, 0.0410051309
357, 83.094, 0.0345725380, 0.0058439043, 0.0002416399, 0.3147308230, 0.0406580828
358, 83.310, 0.0349464901, 0.0058792271, 0.0003346555, 0.3187035620, 0.0411603712
359, 83.538, 0.0345109515, 0.0058378065, 0.0002329247, 0.3142977357, 0.0405816808
360, 83.753, 0.0344287828, 0.0057841702, 0.0001725619, 0.3135862648, 0.0403855145
361, 83.974, 0.0348816887, 0.0058077471, 0.0002018946, 0.3159881830, 0.0408913307
362, 84.207, 0.0346100889, 0.0058024684, 0.0002011054, 0.3151830435, 0.0406136625
363, 84.446, 0.0341793261, 0.0057920995, 0.0001860674, 0.3125514984, 0.0401574932
364, 84.665, 0.0340571441, 0.0057639768, 0.0001539877, 0.3136672676, 0.0399751104
365, 84.883, 0.0345059894, 0.0057372064, 0.0001393101, 0.3122151196, 0.0403825082
366, 85.101, 0.0358400680, 0.0057305992, 0.0001463344, 0.3127981126, 0.0417170003
367, 85.320, 0.0344185755, 0.0057377247, 0.0001669412, 0.3150819540, 0.0403232425
368, 85.548, 0.0343499631, 0.0057439809, 0.0001842855, 0.3126120269, 0.0402782299
369, 85.772, 0.0346076973, 0.0056978082, 0.0001317961, 0.3147881031, 0.0404373035
370, 85.994, 0.0345991477, 0.0056472099, 0.0001057421, 0.3134215176, 0.0403520986
371, 86.214, 0.0340178870, 0.0056690779, 0.0001400832, 0.3128806055, 0.0398270451
372, 86.437, 0.0339950472, 0.0056912233, 0.0001924059, 0.3121073544, 0.0398786776
373, 86.654, 0.0339150913, 0.0056488756, 0.0001347738, 0.3136108518, 0.0396987423
374, 86.873, 0.0337318890, 0.0056110956, 0.0001021041, 0.3116877079, 0.0394450873
375, 87.091, 0.0343153775, 0.0055596507, 0.0000734893, 0.3140596747, 0.0399485156
376, 87.312, 0.0342348069, 0.0055909907, 0.0000897243, 0.3143411875, 0.0399155207
377, 87.561, 0.0337356515, 0.0056334329, 0.0001562629, 0.3135885298, 0.0395253487
378, 87.778, 0.0340392850, 0.0055801896, 0.0000846125, 0.3150087893, 0.0397040881
379, 88.025, 0.0340153724, 0.0055547878, 0.0000653610, 0.3128916621, 0.0396355204
380, 88.239, 0.0339262299, 0.0056358208, 0.0001477332, 0.3137801290, 0.0397097841
381, 88.471, 0.0338828638, 0.0056450749, 0.0001628288, 0.3135443926, 0.0396907665
382, 88.689, 0.0336966030, 0.0055695013, 0.0000719624, 0.3139253259, 0.0393380672
383, 88.904, 0.0337391458, 0.0055524418, 0.0000603945, 0.3120350838, 0.0393519811
384, 89.125, 0.0339165591, 0.0055870400, 0.0000836332, 0.3143501878, 0.0395872332
385, 89.342, 0.0336571969, 0.0056262100, 0.0001390289, 0.3141763508, 0.0394224338
386, 89.564, 0.0339324251, 0.0056327945, 0.0001493836, 0.3142048717, 0.0397146046
387, 89.786, 0.0337032415, 0.0055753589, 0.0000753240, 0.3136449754, 0.0393539257
388, 90.022, 0.0338015482, 0.0055593285, 0.0000668516, 0.3140901327, 0.0394277275
389, 90.242, 0.0336263292, 0.0055614416, 0.0000779241, 0.3162368238, 0.0392656960
390, 90.461, 0.0332912281, 0.0055567119, 0.0000643358, 0.3100606203, 0.0389122739
391, 90.681, 0.0331725851, 0.0055292421, 0.0000473608, 0.3124519885, 0.0387491882
392, 90.897, 0.0329546221, 0.0055348347, 0.0000603109, 0.3112601638, 0.0385497697
393, 91.116, 0.0334347934, 0.0055288170, 0.0000745927, 0.3126714826, 0.0390381999
394, 91.339, 0.0331643596, 0.0055074948, 0.0000602691, 0.3153622746, 0.0387321226
395, 91.558, 0.0329994746, 0.0054959604, 0.0000534374, 0.3124502003, 0.0385488719
396, 91.773, 0.0330694728, 0.0054777032, 0.0000508795, 0.3117742836, 0.0385980569
397, 91.992, 0.0333133899, 0.0054840250, 0.0000780643, 0.3147020936, 0.0388754793
398, 92.216, 0.0334383249, 0.0054727118, 0.0000784020, 0.3123145103, 0.0389894396
399, 92.433, 0.0330082700, 0.0054140845, 0.0000350711, 0.3128226101, 0.0384574234
400, 92.655, 0.0328546502, 0.0054401681, 0.0000481784, 0.3125518262, 0.0383429974
401, 92.876, 0.0330628715, 0.0054645645, 0.0000687847, 0.3128426969, 0.0385962203
402, 93.096, 0.0327289887, 0.0054588947, 0.0000581318, 0.3124994934, 0.0382460169
403, 93.316, 0.0327471681, 0.0054166145, 0.0000359037, 0.3129515648, 0.0381996855
404, 93.548, 0.0329437703, 0.0054668947, 0.0000721396, 0.3124105334, 0.0384828039
405, 93.766, 0.0328731984, 0.0054705832, 0.0000766859, 0.3129601777, 0.0384204648
406, 93.979, 0.0329753272, 0.0053998879, 0.0000320433, 0.3123870194, 0.0384072587
407, 94.203, 0.0325407423, 0.0054549845, 0.0000587892, 0.3117282689, 0.0380545147
408, 94.429, 0.0325453840, 0.0054727457, 0.0000688684, 0.3137772083, 0.0380869992
409, 94.645, 0.0323207527, 0.0054564062, 0.0000503490, 0.3101876080, 0.0378275067
410, 94.863, 0.0324939042, 0.0054003540, 0.0000359358, 0.3108135760, 0.0379301906
411, 95.081, 0.0324623771, 0.0054088267, 0.0000427812, 0.3125557601, 0.0379139856
412, 95.307, 0.0322518870, 0.0054311380, 0.0000561134, 0.3124963045, 0.0377391391
413, 95.532, 0.0322910063, 0.0054301284, 0.0000589331, 0.3142016232, 0.0377800688
414, 95.748, 0.0323665552, 0.0053791832, 0.0000341858, 0.3151757717, 0.0377799235
415, 95.964, 0.0324909985, 0.0053996174, 0.0000519630, 0.3122031391, 0.0379425809
416, 96.179, 0.0322927274, 0.0053824554, 0.0000395212, 0.3123851120, 0.0377147049
417, 96.404, 0.0329571739, 0.0053625060, 0.0000341009, 0.3131930232, 0.0383537821
418, 96.621, 0.0328680575, 0.0053797457, 0.0000531393, 0.3124363720, 0.0383009389
419, 96.836, 0.0324472748, 0.0053389990, 0.0000295735, 0.3140054047, 0.0378158502
420, 97.058, 0.0323427580, 0.0053478247, 0.0000386196, 0.3123893142, 0.0377292037
421, 97.286, 0.0320258513, 0.0053468104, 0.0000489375, 0.3133480251, 0.0374216028
422, 97.507, 0.0320675895, 0.0053685871, 0.0000746159, 0.3118680716, 0.0375107937
423, 97.739, 0.0323467292, 0.0053075533, 0.0000302468, 0.3128732443, 0.0376845263
424, 97.956, 0.0324429981, 0.0052871425, 0.0000259624, 0.3132472038, 0.0377561040
425, 98.189, 0.0325632356, 0.0053690979, 0.0000938017, 0.3131180406, 0.0380261354
426, 98.418, 0.0324407183, 0.0053355959, 0.0000345167, 0.3097920716, 0.0378108323
427, 98.638, 0.0326283425, 0.0052543227, 0.0000187701, 0.3123149574, 0.0379014350
428, 98.863, 0.0318323486, 0.0053343540, 0.0000424608, 0.3118092716, 0.0372091644
429, 99.083, 0.0321633257, 0.0053406376, 0.0000533639, 0.3155009449, 0.0375573300
430, 99.304, 0.0318282098, 0.0053100972, 0.0000305108, 0.3111686707, 0.0371688157
431, 99.525, 0.0321720280, 0.0052287155, 0.0000194937, 0.3123430908, 0.0374202393
432, 99.758, 0.0318923704, 0.0052966936, 0.0000289844, 0.3122263849, 0.0372180454
433, 100.013, 0.0319271162, 0.0053078965, 0.0000415732, 0.3105393350, 0.0372765884
434, 100.235, 0.0316935368, 0.0052710562, 0.0000266964, 0.3136697710, 0.0369912870
435, 100.453, 0.0320026204, 0.0052149743, 0.0000174285, 0.3113166392, 0.0372350216
436, 100.676, 0.0317911059, 0.0052690827, 0.0000352693, 0.3129111826, 0.0370954610
437, 100.894, 0.0317403562, 0.0052927216, 0.0000655942, 0.3131887615, 0.0370986722
438, 101.110, 0.0314857699, 0.0052462714, 0.0000370937, 0.3119763434, 0.0367691331
439, 101.336, 0.0321299955, 0.0051997192, 0.0000210569, 0.3127228022, 0.0373507701
440, 101.558, 0.0316306502, 0.0052581267, 0.0000485501, 0.3100737929, 0.0369373299
441, 101.789, 0.0315266736, 0.0052483948, 0.0000494038, 0.3129521012, 0.0368244722
442, 102.009, 0.0316430107, 0.0052493550, 0.0000544208, 0.3134897947, 0.0369467847
443, 102.229, 0.0317854360, 0.0052142376, 0.0000330240, 0.3145274520, 0.0370326973
444, 102.462, 0.0316631384, 0.0051738461, 0.0000232131, 0.3110344410, 0.0368601978
445, 102.680, 0.0317321755, 0.0051689413, 0.0000217012, 0.3121248186, 0.0369228162
446, 102.896, 0.0312494598, 0.0052025863, 0.0000302351, 0.3122811317, 0.0364822820
447, 103.109, 0.0322315581, 0.0051972074, 0.0000286857, 0.3123899698, 0.0374574512
448, 103.330, 0.0315554328, 0.0051600514, 0.0000257188, 0.3117803037, 0.0367412046
449, 103.547, 0.0317455083, 0.0050980342, 0.0000168586, 0.3116775155, 0.0368603989
450, 103.810, 0.0311679933, 0.0051662219, 0.0000290936, 0.3108291030, 0.0363633111
451, 104.026, 0.0313520357, 0.0051681232, 0.0000366682, 0.3133093119, 0.0365568288
452, 104.243, 0.0314155370, 0.0051239720, 0.0000261471, 0.3126129508, 0.0365656577
453, 104.468, 0.0315587781, 0.0050855973, 0.0000186093, 0.3126221895, 0.0366629846
454, 104.686, 0.0314085037, 0.0051247720, 0.0000268640, 0.3116291165, 0.0365601368
455, 104.939, 0.0310311671, 0.0051138224, 0.0000260638, 0.3115962446, 0.0361710526
456, 105.155, 0.0312314741, 0.0050656474, 0.0000163114, 0.3122037649, 0.0363134332
457, 105.386, 0.0314105228, 0.0050596758, 0.0000137823, 0.3128053844, 0.0364839807
458, 105.605, 0.0312935114, 0.0051277010, 0.0000311107, 0.3123452961, 0.0364523232
459, 105.823, 0.0315631516, 0.0051252865, 0.0000400077, 0.3121942580, 0.0367284454
460, 106.036, 0.0316114351, 0.0050131781, 0.0000135582, 0.3135560155, 0.0366381705
461, 106.253, 0.0312493630, 0.0050471020, 0.0000192301, 0.3133081794, 0.0363156945
462, 106.476, 0.0310771782, 0.0051091057, 0.0000571141, 0.3121811152, 0.0362433977
463, 106.691, 0.0310720932, 0.0051002060, 0.0000489808, 0.3132618666, 0.0362212807
464, 106.909, 0.0314299017, 0.0050133951, 0.0000156201, 0.3119988441, 0.0364589170
465, 107.127, 0.0315097906, 0.0049684015, 0.0000125073, 0.3113230467, 0.0364906974
466, 107.358, 0.0307704993, 0.0050580008, 0.0000348375, 0.3092955947, 0.0358633399
467, 107.733, 0.0315136798, 0.0050858418, 0.0000655966, 0.3123057187, 0.0366651155
468, 107.964, 0.0319827870, 0.0050366162, 0.0000241134, 0.3119752109, 0.0370435156
469, 108.202, 0.0313436799, 0.0048930175, 0.0000134035, 0.3122189641, 0.0362500995
470, 108.427, 0.0311360024, 0.0049818768, 0.0000123063, 0.3123972416, 0.0361301824
471, 108.664, 0.0311235823, 0.0050877496, 0.0000658967, 0.3111876845, 0.0362772271
472, 108.888, 0.0311495438, 0.0050647249, 0.0000393027, 0.3122188747, 0.0362535715
473, 109.116, 0.0311113317, 0.0049403468, 0.0000107963, 0.3130823970, 0.0360624753
474, 109.343, 0.0313666835, 0.0049072998, 0.0000104591, 0.3136730790, 0.0362844430
475, 109.578, 0.0312315319, 0.0050183306, 0.0000228653, 0.3136385083, 0.0362727270
476, 109.819, 0.0306304488, 0.0050297966, 0.0000446697, 0.3130398691, 0.0357049145
477, 110.058, 0.0306803435, 0.0049919048, 0.0000314263, 0.3092143238, 0.0357036740
478, 110.288, 0.0310243536, 0.0049013472, 0.0000140327, 0.3114160299, 0.0359397344
479, 110.542, 0.0307377912, 0.0048661474, 0.0000115429, 0.3131467700, 0.0356154852
480, 110.807, 0.0305392463, 0.0049109836, 0.0000153515, 0.3109512627, 0.0354655832
481, 111.053, 0.0307599287, 0.0049555786, 0.0000342814, 0.3131567836, 0.0357497856
482, 111.271, 0.0310431421, 0.0049634646, 0.0000415240, 0.3119585216, 0.0360481329
483, 111.492, 0.0308124460, 0.0048867124, 0.0000168368, 0.3112347722, 0.0357159972
484, 111.717, 0.0310421158, 0.0047867741, 0.0000106685, 0.3128624558, 0.0358395576
485, 111.935, 0.0306253359, 0.0048568030, 0.0000128440, 0.3134937882, 0.0354949832
486, 112.155, 0.0304615200, 0.0049362397, 0.0000353579, 0.3129753768, 0.0354331173
487, 112.379, 0.0308559071, 0.0049421485, 0.0000444862, 0.3149445355, 0.0358425416
488, 112.598, 0.0304501895, 0.0048655639, 0.0000185747, 0.3117709458, 0.0353343263
489, 112.817, 0.0304559004, 0.0047763321, 0.0000120991, 0.3093165755, 0.0352443308
490, 113.047, 0.0305016488, 0.0047933185, 0.0000122476, 0.3124408126, 0.0353072174
491, 113.268, 0.0303900577, 0.0048702066, 0.0000198822, 0.3121584654, 0.0352801457
492, 113.501, 0.0302940365, 0.0049006497, 0.0000384514, 0.3112641871, 0.0352331400
493, 113.731, 0.0302004274, 0.0048441975, 0.0000233413, 0.3109928370, 0.0350679681
494, 113.951, 0.0303028785, 0.0047765044, 0.0000160656, 0.3110229969, 0.0350954495
495, 114.170, 0.0302935466, 0.0047536651, 0.0000159054, 0.3114406168, 0.0350631177
496, 114.397, 0.0299716108, 0.0047693644, 0.0000178429, 0.3107604384, 0.0347588211
497, 114.618, 0.0303335935, 0.0047765151, 0.0000204518, 0.3097760379, 0.0351305604
498, 114.841, 0.0299292356, 0.0047476748, 0.0000186650, 0.3102830946, 0.0346955732
499, 115.072, 0.0300967284, 0.0047224755, 0.0000182104, 0.3136385083, 0.0348374136
500, 115.317, 0.0302672312, 0.0047179759, 0.0000172015, 0.3142614961, 0.0350024104
501, 115.542, 0.0302062910, 0.0047180341, 0.0000183060, 0.3120782971, 0.0349426307
502, 115.764, 0.0301313791, 0.0046990053, 0.0000197469, 0.3112816811, 0.0348501317
503, 115.983, 0.0299900398, 0.0047146981, 0.0000277741, 0.3119578660, 0.0347325131
504, 116.202, 0.0297577716, 0.0047039757, 0.0000282841, 0.3098026812, 0.0344900303
505, 116.430, 0.0300786253, 0.0046568098, 0.0000202226, 0.3131079376, 0.0347556546
506, 116.651, 0.0299541987, 0.0046525984, 0.0000191889, 0.3133050203, 0.0346259847
507, 116.869, 0.0298043098, 0.0046886243, 0.0000241567, 0.3136276305, 0.0345170908
508, 117.091, 0.0298858061, 0.0046963883, 0.0000402008, 0.3123015463, 0.0346223935
509, 117.308, 0.0298230723, 0.0046699666, 0.0000379799, 0.3117947578, 0.0345310196
510, 117.530, 0.0299934056, 0.0046193036, 0.0000238067, 0.3132185638, 0.0346365161
511, 117.752, 0.0296898708, 0.0046303850, 0.0000190558, 0.3117460310, 0.0343393125
512, 117.973, 0.0297639910, 0.0046162819, 0.0000167912, 0.3132782876, 0.0343970619
513, 118.208, 0.0298887677, 0.0046137027, 0.0000167795, 0.3103196323, 0.0345192477
514, 118.442, 0.0295890495, 0.0045846659, 0.0000175828, 0.3132179677, 0.0341912992
515, 118.661, 0.0297570359, 0.0045928825, 0.0000207278, 0.3120251596, 0.0343706459
516, 118.906, 0.0295720939, 0.0045718863, 0.0000232076, 0.3112058342, 0.0341671892
517, 119.120, 0.0295825675, 0.0045615328, 0.0000248635, 0.3120857179, 0.0341689624
518, 119.335, 0.0294310898, 0.0045769503, 0.0000238783, 0.3113596439, 0.0340319201
519, 119.551, 0.0296252314, 0.0045485641, 0.0000273392, 0.3111786246, 0.0342011340
520, 119.773, 0.0301091075, 0.0045332965, 0.0000301190, 0.3123093545, 0.0346725248
521, 120.010, 0.0295120087, 0.0045040534, 0.0000243846, 0.3109469414, 0.0340404473
522, 120.233, 0.0292064194, 0.0045109214, 0.0000199025, 0.3104480803, 0.0337372459
523, 120.539, 0.0294603575, 0.0045192637, 0.0000244541, 0.3144236207, 0.0340040736
524, 120.766, 0.0295879859, 0.0045101298, 0.0000357813, 0.3116584420, 0.0341338962
525, 120.989, 0.0290088337, 0.0045530046, 0.0000340219, 0.3123528957, 0.0335958600
526, 121.258, 0.0292079970, 0.0044984198, 0.0000286095, 0.3128271103, 0.0337350257
527, 121.508, 0.0289487019, 0.0044542486, 0.0000305422, 0.3132695258, 0.0334334932
528, 121.769, 0.0291033778, 0.0044989903, 0.0000344716, 0.3096828759, 0.0336368382
529, 122.036, 0.0289800577, 0.0044444213, 0.0000326353, 0.3120878041, 0.0334571116
530, 122.264, 0.0291788392, 0.0044300742, 0.0000263655, 0.3140825033, 0.0336352773
531, 122.505, 0.0291860346, 0.0044628661, 0.0000224065, 0.3121204674, 0.0336713083
532, 122.769, 0.0290798470, 0.0044283909, 0.0000235705, 0.3132655025, 0.0335318074
533, 123.008, 0.0288386289, 0.0043475875, 0.0000275100, 0.3114556968, 0.0332137272
534, 123.235, 0.0289918929, 0.0044004992, 0.0000174220, 0.3119524419, 0.0334098153
535, 123.456, 0.0287557431, 0.0043911664, 0.0000141474, 0.3100257218, 0.0331610590
536, 123.679, 0.0288949125, 0.0043495591, 0.0000209185, 0.3117266297, 0.0332653895
537, 123.900, 0.0288803354, 0.0043753483, 0.0000347954, 0.3125076592, 0.0332904793
538, 124.166, 0.0286282636, 0.0043913354, 0.0000401857, 0.3117342591, 0.0330597833
539, 124.434, 0.0284531042, 0.0043422864, 0.0000308170, 0.3082516789, 0.0328262076
540, 124.704, 0.0289346240, 0.0042841244, 0.0000248624, 0.3117733896, 0.0332436115
541, 124.951, 0.0285122283, 0.0043097436, 0.0000204735, 0.3111939132, 0.0328424461
542, 125.195, 0.0284196343, 0.0043444829, 0.0000294112, 0.3127439916, 0.0327935293
543, 125.420, 0.0284626819, 0.0043045417, 0.0000487416, 0.3120467663, 0.0328159668
544, 125.670, 0.0283897314, 0.0043398049, 0.0000383464, 0.3136343956, 0.0327678844
545, 125.886, 0.0287071336, 0.0043212902, 0.0000258751, 0.3133186400, 0.0330542997
546, 126.101, 0.0284871943, 0.0042537157, 0.0000232362, 0.3143393993, 0.0327641442
547, 126.320, 0.0282492582, 0.0042333710, 0.0000264388, 0.3154949546, 0.0325090662
548, 126.539, 0.0284708012, 0.0043074302, 0.0000278822, 0.3126825094, 0.0328061171
549, 126.762, 0.0282625724, 0.0043263226, 0.0000317823, 0.3148934245, 0.0326206759
550, 126.981, 0.0283244159, 0.0042149564, 0.0000269045, 0.3118509650, 0.0325662754
551, 127.202, 0.0284275971, 0.0041624233, 0.0000222814, 0.3129179776, 0.0326123014
552, 127.480, 0.0282351356, 0.0042502005, 0.0000201596, 0.3122970164, 0.0325054973
553, 127.716, 0.0282460339, 0.0042989813, 0.0000353133, 0.3133900166, 0.0325803272
554, 127.946, 0.0282555018, 0.0042373105, 0.0000320317, 0.3114039898, 0.0325248428
555, 128.186, 0.0280933008, 0.0041702436, 0.0000253835, 0.3116447926, 0.0322889276
556, 128.411, 0.0280074012, 0.0042247898, 0.0000220267, 0.3125689030, 0.0322542191
557, 128.662, 0.0281957146, 0.0042652921, 0.0000264892, 0.3139158487, 0.0324874967
558, 128.899, 0.0280915704, 0.0042004776, 0.0000232605, 0.3131969571, 0.0323153101
559, 129.126, 0.0278559569, 0.0041562011, 0.0000231259, 0.3117789626, 0.0320352837
560, 129.373, 0.0279721059, 0.0041671139, 0.0000265409, 0.3126423657, 0.0321657620
561, 129.601, 0.0278207418, 0.0042001992, 0.0000273024, 0.3115893006, 0.0320482440
562, 129.826, 0.0280564651, 0.0041658459, 0.0000262239, 0.3132294714, 0.0322485343
563, 130.054, 0.0280210432, 0.0041088900, 0.0000241066, 0.3116635084, 0.0321540385
564, 130.278, 0.0279322695, 0.0041189664, 0.0000219976, 0.3123281598, 0.0320732333
565, 130.506, 0.0278119259, 0.0041698692, 0.0000272052, 0.3146158457, 0.0320090018
566, 130.730, 0.0279368106, 0.0041791704, 0.0000349479, 0.3121071756, 0.0321509279
567, 130.953, 0.0276400875, 0.0041418406, 0.0000374850, 0.3110732436, 0.0318194106
568, 131.179, 0.0277564321, 0.0041072862, 0.0000305778, 0.3140645325, 0.0318942964
569, 131.405, 0.0277796406, 0.0040866965, 0.0000273746, 0.3146256804, 0.0318937115
570, 131.632, 0.0276677180, 0.0040925564, 0.0000300578, 0.3134872019, 0.0317903347
571, 131.863, 0.0276854448, 0.0041240244, 0.0000323117, 0.3132750690, 0.0318417810
572, 132.092, 0.0277775917, 0.0040968312, 0.0000284619, 0.3126035631, 0.0319028832
573, 132.316, 0.0273100454, 0.0040814802, 0.0000228953, 0.3123658001, 0.0314144194
574, 132.543, 0.0276257452, 0.0040741884, 0.0000217395, 0.3133872449, 0.0317216739
575, 132.767, 0.0274196714, 0.0040929904, 0.0000289103, 0.3128248751, 0.0315415747
576, 132.991, 0.0271482170, 0.0041000312, 0.0000323624, 0.3145869374, 0.0312806107
577, 133.214, 0.0277241133, 0.0040828683, 0.0000335187, 0.3156415224, 0.0318405032
578, 133.438, 0.0273375809, 0.0040572872, 0.0000279821, 0.3120693862, 0.0314228497
579, 133.671, 0.0272006989, 0.0040421057, 0.0000260854, 0.3134474456, 0.0312688909
580, 133.887, 0.0269996952, 0.0040434301, 0.0000251962, 0.3145219684, 0.0310683213
581, 134.113, 0.0273132455, 0.0040634703, 0.0000280476, 0.3130051792, 0.0314047635
582, 134.336, 0.0272203330, 0.0040322300, 0.0000255054, 0.3119818568, 0.0312780701
583, 134.559, 0.0270041563, 0.0040266826, 0.0000271915, 0.3139737546, 0.0310580302
584, 134.784, 0.0270684622, 0.0040538032, 0.0000316389, 0.3121674955, 0.0311539043
585, 135.003, 0.0268318001, 0.0040055974, 0.0000335778, 0.3134341836, 0.0308709759
586, 135.230, 0.0270138215, 0.0039825132, 0.0000356293, 0.3146155477, 0.0310319625
587, 135.446, 0.0269260425, 0.0039925263, 0.0000304500, 0.3121679127, 0.0309490189
588, 135.682, 0.0271948073, 0.0039895256, 0.0000299546, 0.3113008738, 0.0312142875
589, 135.905, 0.0268010292, 0.0039647999, 0.0000300758, 0.3139474094, 0.0307959057
590, 136.133, 0.0268228408, 0.0039687776, 0.0000375342, 0.3117675781, 0.0308291521
591, 136.355, 0.0267814957, 0.0039712531, 0.0000331052, 0.3128983080, 0.0307858530
592, 136.584, 0.0267541036, 0.0039433395, 0.0000304482, 0.3140861988, 0.0307278913
593, 136.811, 0.0269170515, 0.0039268117, 0.0000292379, 0.3118691146, 0.0308731012
594, 137.031, 0.0268428344, 0.0039318944, 0.0000268410, 0.3133985102, 0.0308015700
595, 137.263, 0.0266982820, 0.0039444929, 0.0000305139, 0.3107953370, 0.0306732878
596, 137.487, 0.0267372616, 0.0039441935, 0.0000361617, 0.3133955002, 0.0307176169
597, 137.710, 0.0263650659, 0.0039201449, 0.0000331613, 0.3131664395, 0.0303183720
598, 137.934, 0.0266828015, 0.0039619412, 0.0000330055, 0.3158322871, 0.0306777488
599, 138.160, 0.0266687423, 0.0039261985, 0.0000305225, 0.3109688461, 0.0306254644
600, 138.389, 0.0267300755, 0.0039004385, 0.0000316412, 0.3122221231, 0.0306621548
601, 138.620, 0.0262613837, 0.0039362889, 0.0000373462, 0.3118668795, 0.0302350186
602, 138.843, 0.0267427489, 0.0039422559, 0.0000373053, 0.3136120141, 0.0307223089
603, 139.069, 0.0265445318, 0.0038891044, 0.0000290278, 0.3107719719, 0.0304626636
604, 139.310, 0.0264713671, 0.0038728840, 0.0000269372, 0.3128410876, 0.0303711891
605, 139.536, 0.0259579401, 0.0038932422, 0.0000302986, 0.3114787638, 0.0298814811
606, 139.761, 0.0262953378, 0.0038416537, 0.0000381526, 0.3111041784, 0.0301751439
607, 140.016, 0.0264960192, 0.0038046811, 0.0000376639, 0.3138945699, 0.0303383656
608, 140.239, 0.0265138373, 0.0038660106, 0.0000266326, 0.3126462102, 0.0304064807
609, 140.465, 0.0263067484, 0.0038658679, 0.0000247397, 0.3113728762, 0.0301973559
610, 140.682, 0.0264312904, 0.0038184624, 0.0000322728, 0.3118202984, 0.0302820243
611, 140.905, 0.0263806786, 0.0038301204, 0.0000427740, 0.3119288385, 0.0302535724
612, 141.123, 0.0261719339, 0.0038165082, 0.0000376356, 0.3131088316, 0.0300260764
613, 141.344, 0.0262357723, 0.0038156535, 0.0000326012, 0.3126689196, 0.0300840270
614, 141.571, 0.0261527654, 0.0038352916, 0.0000329106, 0.3130102754, 0.0300209690
615, 141.799, 0.0261625703, 0.0037975258, 0.0000404620, 0.3127364814, 0.0300005581
616, 142.023, 0.0264248475, 0.0037831306, 0.0000413378, 0.3135858178, 0.0302493162
617, 142.254, 0.0259564854, 0.0038278301, 0.0000338102, 0.3142749369, 0.0298181269
618, 142.543, 0.0259991810, 0.0038395126, 0.0000294811, 0.3113435805, 0.0298681762
619, 142.767, 0.0261065271, 0.0037993146, 0.0000283266, 0.3125185072, 0.0299341679
620, 142.998, 0.0256756935, 0.0038097373, 0.0000301415, 0.3105101883, 0.0295155719
621, 143.242, 0.0260233618, 0.0038061696, 0.0000328155, 0.3116411567, 0.0298623480
622, 143.469, 0.0258643590, 0.0037702792, 0.0000333951, 0.3119470179, 0.0296680331
623, 143.692, 0.0258744396, 0.0037696569, 0.0000329323, 0.3115173578, 0.0296770278
624, 143.919, 0.0256240945, 0.0037717326, 0.0000325147, 0.3094142675, 0.0294283405
625, 144.139, 0.0259422194, 0.0037375046, 0.0000334766, 0.3111097813, 0.0297132004
626, 144.393, 0.0255760048, 0.0037381630, 0.0000319960, 0.3115555942, 0.0293461643
627, 144.634, 0.0257563405, 0.0037686953, 0.0000366753, 0.3120488226, 0.0295617115
628, 144.887, 0.0257594250, 0.0037575359, 0.0000419024, 0.3108774424, 0.0295588635
629, 145.109, 0.0257788654, 0.0037016636, 0.0000386294, 0.3132948875, 0.0295191575
630, 145.337, 0.0255288444, 0.0037215906, 0.0000362542, 0.3109151125, 0.0292866901
631, 145.564, 0.0254650619, 0.0037360657, 0.0000324262, 0.3116093576, 0.0292335544
632, 145.786, 0.0257360265, 0.0037368601, 0.0000359822, 0.3126838207, 0.0295088701
633, 146.002, 0.0256795436, 0.0037333609, 0.0000345330, 0.3129169345, 0.0294474382
634, 146.229, 0.0254459027, 0.0037062685, 0.0000354765, 0.3114861548, 0.0291876476
635, 146.480, 0.0257063936, 0.0037015087, 0.0000352384, 0.3143446743, 0.0294431392
636, 146.703, 0.0253304094, 0.0037039181, 0.0000359329, 0.3124622107, 0.0290702600
637, 146.924, 0.0254268628, 0.0036976647, 0.0000414641, 0.3117748797, 0.0291659925
638, 147.147, 0.0252756570, 0.0036868847, 0.0000409782, 0.3111509979, 0.0290035196
639, 147.392, 0.0251721293, 0.0036721884, 0.0000425926, 0.3113906682, 0.0288869105
640, 147.628, 0.0251912307, 0.0036756892, 0.0000406511, 0.3108166158, 0.0289075710
641, 147.873, 0.0254882704, 0.0036708072, 0.0000395052, 0.3131872416, 0.0291985832
642, 148.119, 0.0255358983, 0.0036820716, 0.0000324219, 0.3118838370, 0.0292503908
643, 148.348, 0.0251658708, 0.0036819633, 0.0000326951, 0.3100655973, 0.0288805291
644, 148.597, 0.0253089201, 0.0036664268, 0.0000408204, 0.3101054430, 0.0290161669
645, 148.855, 0.0251848269, 0.0036461316, 0.0000384553, 0.3111534417, 0.0288694147
646, 149.176, 0.0253520496, 0.0036504199, 0.0000366238, 0.3104342818, 0.0290390924
647, 149.431, 0.0254324879, 0.0036727940, 0.0000342081, 0.3119069338, 0.0291394889
648, 149.755, 0.0250377264, 0.0036289967, 0.0000364464, 0.3101277947, 0.0287031699
649, 150.044, 0.0249950197, 0.0036291175, 0.0000348965, 0.3106255531, 0.0286590345
650, 150.323, 0.0249850620, 0.0036235824, 0.0000376931, 0.3111247122, 0.0286463369
651, 150.590, 0.0251397714, 0.0036529759, 0.0000435905, 0.3102086484, 0.0288363360
652, 150.835, 0.0249134544, 0.0036342407, 0.0000437193, 0.3096531332, 0.0285914149
653, 151.063, 0.0251226034, 0.0036177817, 0.0000365519, 0.3107340932, 0.0287769381
654, 151.290, 0.0250872821, 0.0036362638, 0.0000311034, 0.3112579882, 0.0287546478
655, 151.520, 0.0252048057, 0.0036142701, 0.0000346681, 0.3115434945, 0.0288537443
656, 151.749, 0.0250466801, 0.0036067714, 0.0000436830, 0.3097279072, 0.0286971349
657, 151.981, 0.0248551816, 0.0035991047, 0.0000404502, 0.3128292859, 0.0284947380
658, 152.315, 0.0252123605, 0.0035949368, 0.0000375703, 0.3093759716, 0.0288448669
659, 152.890, 0.0248189289, 0.0035801891, 0.0000367929, 0.3087354302, 0.0284359101
660, 153.298, 0.0244311839, 0.0035824024, 0.0000375536, 0.3103561997, 0.0280511398
661, 153.928, 0.0243362617, 0.0035735357, 0.0000367430, 0.3093084991, 0.0279465392
662, 154.305, 0.0246122107, 0.0035488033, 0.0000403913, 0.3078367114, 0.0282014050
663, 154.848, 0.0247280635, 0.0035471581, 0.0000418502, 0.3089599311, 0.0283170715
664, 155.285, 0.0246536471, 0.0035402984, 0.0000471770, 0.3121369183, 0.0282411221
665, 155.682, 0.0244462341, 0.0035453041, 0.0000481845, 0.3092209101, 0.0280397236
666, 156.077, 0.0246329494, 0.0035658600, 0.0000461256, 0.3082693517, 0.0282449331
667, 156.500, 0.0248878170, 0.0035370367, 0.0000418871, 0.3121914566, 0.0284667406
668, 157.072, 0.0246191230, 0.0035237712, 0.0000385738, 0.3116142154, 0.0281814672
669, 157.492, 0.0246547833, 0.0035696833, 0.0000353462, 0.3107221127, 0.0282598119
670, 157.884, 0.0248291530, 0.0035307501, 0.0000360774, 0.3128455579, 0.0283959806
671, 158.279, 0.0244467743, 0.0035328511, 0.0000372174, 0.3130213618, 0.0280168429
672, 158.687, 0.0242668223, 0.0035469411, 0.0000420761, 0.3106235564, 0.0278558377
673, 159.121, 0.0244763084, 0.0035044560, 0.0000454089, 0.3104969561, 0.0280261729
674, 159.685, 0.0246054232, 0.0035067133, 0.0000444908, 0.3093726039, 0.0281566270
675, 160.092, 0.0243572779, 0.0035513146, 0.0000368013, 0.3093903661, 0.0279453956
676, 160.495, 0.0244189613, 0.0035146021, 0.0000394628, 0.3106958866, 0.0279730260
677, 160.881, 0.0243317094, 0.0035058870, 0.0000391982, 0.3126440644, 0.0278767943
678, 161.279, 0.0242115799, 0.0035455273, 0.0000320184, 0.3124816716, 0.0277891271
679, 161.679, 0.0243660733, 0.0035006609, 0.0000335973, 0.3088477552, 0.0279003307
680, 162.077, 0.0244044457, 0.0034636476, 0.0000439552, 0.3101133108, 0.0279120486
681, 162.540, 0.0242067762, 0.0035058137, 0.0000398864, 0.3096448183, 0.0277524758
682, 162.898, 0.0241066683, 0.0034731643, 0.0000380826, 0.3129889369, 0.0276179146
683, 163.289, 0.0240619220, 0.0034413568, 0.0000408242, 0.3115703762, 0.0275441017
684, 163.682, 0.0240981560, 0.0034928170, 0.0000435425, 0.3124682605, 0.0276345164
685, 164.092, 0.0240058471, 0.0034884380, 0.0000418719, 0.3102215528, 0.0275361575
686, 164.491, 0.0243413765, 0.0034494952, 0.0000369978, 0.3108317256, 0.0278278701
687, 164.883, 0.0241638999, 0.0034798793, 0.0000348917, 0.3103376627, 0.0276786704
688, 165.284, 0.0243493710, 0.0034962231, 0.0000397761, 0.3106080592, 0.0278853718
689, 165.687, 0.0238886457, 0.0034750085, 0.0000374038, 0.3092690408, 0.0274010580
690, 166.080, 0.0240513831, 0.0034653619, 0.0000338556, 0.3110439181, 0.0275506005
691, 166.491, 0.0237242058, 0.0034746304, 0.0000379116, 0.3104864657, 0.0272367485
692, 166.879, 0.0239806920, 0.0034549236, 0.0000443835, 0.3106034398, 0.0274799988
693, 167.274, 0.0242111273, 0.0034271381, 0.0000483071, 0.3103220761, 0.0276865736
694, 167.680, 0.0240132026, 0.0034387822, 0.0000376108, 0.3124698699, 0.0274895951
695, 168.078, 0.0238814261, 0.0034826363, 0.0000337651, 0.3110130131, 0.0273978263
696, 168.495, 0.0237252191, 0.0034405219, 0.0000355429, 0.3100753427, 0.0272012837
697, 169.055, 0.0240283571, 0.0033902035, 0.0000436614, 0.3104369938, 0.0274622235
698, 169.495, 0.0234449506, 0.0034666301, 0.0000348529, 0.3092374802, 0.0269464329
699, 169.892, 0.0236975253, 0.0034541355, 0.0000377273, 0.3111966252, 0.0271893889
700, 170.287, 0.0237732101, 0.0033733570, 0.0000703482, 0.3090740144, 0.0272169150
701, 170.717, 0.0235943161, 0.0034281211, 0.0000459492, 0.3096920848, 0.0270683859
702, 171.262, 0.0238098539, 0.0034460854, 0.0000404995, 0.3081260920, 0.0272964388
703, 171.683, 0.0238639154, 0.0033780436, 0.0000442125, 0.3100394905, 0.0272861701
704, 172.072, 0.0237871874, 0.0033835755, 0.0000422628, 0.3109437227, 0.0272130258
705, 172.497, 0.0237429701, 0.0034348592, 0.0000397504, 0.3118964136, 0.0272175800
706, 172.883, 0.0235101376, 0.0034000592, 0.0000350598, 0.3113172054, 0.0269452576
707, 173.276, 0.0238578618, 0.0033706990, 0.0000389424, 0.3123407066, 0.0272675026
708, 173.680, 0.0235876739, 0.0034157895, 0.0000462218, 0.3110361397, 0.0270496849
709, 174.071, 0.0235990267, 0.0034059817, 0.0000480258, 0.3107446134, 0.0270530358
710, 174.481, 0.0235910229, 0.0033617415, 0.0000447703, 0.3103975654, 0.0269975346
711, 174.875, 0.0234931652, 0.0033835866, 0.0000418387, 0.3123549223, 0.0269185901
712, 175.294, 0.0235610027, 0.0034283621, 0.0000364503, 0.3114885092, 0.0270258151
713, 175.691, 0.0235202536, 0.0033676520, 0.0000410333, 0.3104942739, 0.0269289389
714, 176.252, 0.0234809536, 0.0033492397, 0.0000479045, 0.3082656264, 0.0268780980
715, 176.686, 0.0235714056, 0.0034041693, 0.0000490559, 0.3112312853, 0.0270246323
716, 177.072, 0.0232951064, 0.0034020850, 0.0000432104, 0.3131215274, 0.0267404020
717, 177.489, 0.0234612785, 0.0033355220, 0.0000384128, 0.3099116385, 0.0268352143
718, 177.880, 0.0236230455, 0.0033237911, 0.0000393464, 0.3109171093, 0.0269861836
719, 178.277, 0.0234029870, 0.0033825282, 0.0000434405, 0.3106430769, 0.0268289559
720, 178.679, 0.0233435407, 0.0033386105, 0.0000476113, 0.3116269410, 0.0267297626
721, 179.074, 0.0234217010, 0.0032934141, 0.0000416751, 0.3092399538, 0.0267567895
722, 179.484, 0.0233582687, 0.0033128345, 0.0000378591, 0.3124193847, 0.0267089624
723, 179.908, 0.0232487023, 0.0033597376, 0.0000394233, 0.3105699718, 0.0266478620
724, 180.483, 0.0233548433, 0.0033155528, 0.0000555560, 0.3107481301, 0.0267259516
725, 180.881, 0.0232656840, 0.0032843812, 0.0000545385, 0.3131633401, 0.0266046040
726, 181.278, 0.0233164374, 0.0033294151, 0.0000395308, 0.3103387058, 0.0266853832
727, 181.674, 0.0231815036, 0.0033319443, 0.0000373766, 0.3105105460, 0.0265508238
728, 182.067, 0.0230384301, 0.0033062913, 0.0000419331, 0.3119257987, 0.0263866559
729, 182.485, 0.0232023560, 0.0032983900, 0.0000470125, 0.3109572232, 0.0265477598
730, 182.872, 0.0230817720, 0.0033377868, 0.0000434652, 0.3093184829, 0.0264630243
731, 183.261, 0.0230513886, 0.0033288782, 0.0000401051, 0.3103591800, 0.0264203716
732, 183.692, 0.0230166316, 0.0032880248, 0.0000404253, 0.3117720783, 0.0263450816
733, 184.078, 0.0228878707, 0.0032937238, 0.0000425332, 0.3101666570, 0.0262241270
734, 184.485, 0.0228743181, 0.0033158148, 0.0000472588, 0.3114683926, 0.0262373909
735, 184.873, 0.0230176542, 0.0032738296, 0.0000496667, 0.3114990294, 0.0263411514
736, 185.265, 0.0229131021, 0.0032743150, 0.0000441441, 0.3118220568, 0.0262315609
737, 185.665, 0.0228629597, 0.0033030517, 0.0000375197, 0.3120831847, 0.0262035299
738, 186.069, 0.0232211202, 0.0032748142, 0.0000395981, 0.3110910654, 0.0265355315
739, 186.486, 0.0227061063, 0.0032742890, 0.0000417753, 0.3110971749, 0.0260221697
740, 187.033, 0.0228614677, 0.0032751278, 0.0000461062, 0.3094154000, 0.0261827018
741, 187.489, 0.0225732941, 0.0032486031, 0.0000468884, 0.3081601560, 0.0258687865
742, 187.877, 0.0227575842, 0.0032170170, 0.0000540709, 0.3107019961, 0.0260286722
743, 188.268, 0.0226545949, 0.0032471824, 0.0000535150, 0.3106872439, 0.0259552933
744, 188.667, 0.0227740556, 0.0032617727, 0.0000467623, 0.3106500208, 0.0260825902
745, 189.068, 0.0225183554, 0.0032410435, 0.0000418059, 0.3092328608, 0.0258012041
746, 189.478, 0.0226859730, 0.0032233980, 0.0000436487, 0.3112739325, 0.0259530209
747, 189.868, 0.0226261839, 0.0032456447, 0.0000457203, 0.3090057671, 0.0259175487
748, 190.259, 0.0228423458, 0.0032159574, 0.0000457783, 0.3122915924, 0.0261040814
749, 190.667, 0.0227778126, 0.0032221030, 0.0000426677, 0.3124429286, 0.0260425825
750, 191.069, 0.0226585921, 0.0032222667, 0.0000432790, 0.3115275204, 0.0259241369
751, 191.473, 0.0225173924, 0.0032037573, 0.0000504342, 0.3115749657, 0.0257715844
752, 191.872, 0.0226332620, 0.0031872410, 0.0000567213, 0.3120078743, 0.0258772243
753, 192.273, 0.0224601459, 0.0032232015, 0.0000510889, 0.3097984493, 0.0257344358
754, 192.678, 0.0224689245, 0.0031978418, 0.0000456119, 0.3118194044, 0.0257123783
755, 193.071, 0.0225881170, 0.0031748973, 0.0000480914, 0.3107755482, 0.0258111060
756, 193.472, 0.0225934945, 0.0032074680, 0.0000494833, 0.3104402721, 0.0258504450
757, 193.867, 0.0223931987, 0.0031990863, 0.0000529185, 0.3133684993, 0.0256452020
758, 194.268, 0.0222323593, 0.0031631510, 0.0000583361, 0.3103635013, 0.0254538469
759, 194.868, 0.0225292463, 0.0031787795, 0.0000534191, 0.3110458553, 0.0257614441
760, 195.275, 0.0223540664, 0.0031784857, 0.0000513155, 0.3119842112, 0.0255838670
761, 195.689, 0.0223116819, 0.0031690483, 0.0000498015, 0.3121543825, 0.0255305320
762, 196.247, 0.0224891007, 0.0031620853, 0.0000469700, 0.3114521801, 0.0256981570
763, 196.677, 0.0222867467, 0.0031875735, 0.0000456699, 0.3111679852, 0.0255199913
764, 197.069, 0.0222973377, 0.0031901093, 0.0000467573, 0.3120902181, 0.0255342051
765, 197.477, 0.0222440455, 0.0031365033, 0.0000520648, 0.3112221956, 0.0254326127
766, 197.869, 0.0222376939, 0.0031523323, 0.0000519618, 0.3100787699, 0.0254419874
767, 198.263, 0.0220415946, 0.0031769234, 0.0000497352, 0.3107919991, 0.0252682529
768, 198.666, 0.0220924485, 0.0031451876, 0.0000571860, 0.3102559149, 0.0252948217
769, 199.066, 0.0223046299, 0.0031169080, 0.0000644097, 0.3121064603, 0.0254859477
770, 199.481, 0.0222838949, 0.0032000081, 0.0000519182, 0.3129319847, 0.0255358201
771, 199.869, 0.0223224908, 0.0031556138, 0.0000503803, 0.3122227490, 0.0255284850
772, 200.282, 0.0222123470, 0.0030978373, 0.0000521863, 0.3109524548, 0.0253623705
773, 200.678, 0.0220637582, 0.0031689228, 0.0000462058, 0.3095737100, 0.0252788868
774, 201.092, 0.0222742856, 0.0031494785, 0.0000546662, 0.3115439415, 0.0254784301
775, 201.479, 0.0220480487, 0.0030905330, 0.0000584298, 0.3093691468, 0.0251970105
776, 201.872, 0.0221808888, 0.0030920687, 0.0000502481, 0.3135254979, 0.0253232066
777, 202.271, 0.0220723711, 0.0031449380, 0.0000480956, 0.3114519119, 0.0252654050
778, 202.668, 0.0220981035, 0.0031315305, 0.0000510480, 0.3124689758, 0.0252806824
779, 203.068, 0.0221915878, 0.0030611975, 0.0000563427, 0.3107237816, 0.0253091287
780, 203.487, 0.0219011325, 0.0030832842, 0.0000564795, 0.3110096753, 0.0250408966
781, 203.881, 0.0220936481, 0.0031250985, 0.0000523680, 0.3105335832, 0.0252711158
782, 204.458, 0.0216670781, 0.0030789839, 0.0000555083, 0.3126325905, 0.0248015709
783, 204.878, 0.0219399240, 0.0030228975, 0.0000635995, 0.3101071715, 0.0250264220
784, 205.459, 0.0219966322, 0.0030764742, 0.0000555480, 0.3136052489, 0.0251286551
785, 205.867, 0.0218807533, 0.0030891937, 0.0000492448, 0.3100862205, 0.0250191912
786, 206.263, 0.0217053033, 0.0030265760, 0.0000589367, 0.3121936023, 0.0247908160
787, 206.666, 0.0218768325, 0.0030515986, 0.0000545252, 0.3121173978, 0.0249829572
788, 207.060, 0.0221696142, 0.0030378255, 0.0000615827, 0.3116059303, 0.0252690222
789, 207.472, 0.0218901411, 0.0030659495, 0.0000521591, 0.3118518293, 0.0250082500
790, 207.870, 0.0221781675, 0.0030023681, 0.0000659964, 0.3122842610, 0.0252465326
791, 208.275, 0.0220853593, 0.0030603961, 0.0000594043, 0.3115507662, 0.0252051596
792, 208.666, 0.0218669530, 0.0030716346, 0.0000545467, 0.3114122748, 0.0249931347
793, 209.056, 0.0220079701, 0.0029898265, 0.0000616700, 0.3107434213, 0.0250594672
794, 209.468, 0.0216409136, 0.0030389908, 0.0000492578, 0.3122824728, 0.0247291625
795, 209.872, 0.0215964150, 0.0030565178, 0.0000507984, 0.3107059896, 0.0247037299
796, 210.263, 0.0215059109, 0.0029922673, 0.0000651183, 0.3117657602, 0.0245632958
797, 210.667, 0.0216037668, 0.0029822034, 0.0000643531, 0.3125085831, 0.0246503223
798, 211.062, 0.0217014868, 0.0030480728, 0.0000570536, 0.3125699461, 0.0248066131
799, 211.470, 0.0214853734, 0.0030367647, 0.0000535641, 0.3136099875, 0.0245757028
800, 211.867, 0.0215684306, 0.0029854844, 0.0000668555, 0.3118976951, 0.0246207714
801, 212.275, 0.0211898126, 0.0030015733, 0.0000616086, 0.3129106462, 0.0242529940
802, 212.663, 0.0213669091, 0.0030212339, 0.0000624688, 0.3117154837, 0.0244506132
803, 213.058, 0.0213437174, 0.0029803037, 0.0000641615, 0.3114180267, 0.0243881810
804, 213.475, 0.0215134211, 0.0029620125, 0.0000591056, 0.3104951382, 0.0245345384
805, 213.878, 0.0214361660, 0.0029978703, 0.0000561947, 0.3137314618, 0.0244902298
806, 214.271, 0.0213607326, 0.0029770932, 0.0000609243, 0.3128216565, 0.0243987497
807, 214.669, 0.0212539677, 0.0029455691, 0.0000689471, 0.3134641051, 0.0242684837
808, 215.233, 0.0213010795, 0.0030017255, 0.0000521799, 0.3149358034, 0.0243549850
809, 215.664, 0.0214528795, 0.0029709963, 0.0000513681, 0.3151440322, 0.0244752429
810, 216.059, 0.0211871676, 0.0029406268, 0.0000557993, 0.3137621284, 0.0241835937
811, 216.469, 0.0211343504, 0.0029684012, 0.0000603177, 0.3127578795, 0.0241630692
812, 216.866, 0.0212566070, 0.0029442045, 0.0000660631, 0.3144298196, 0.0242668744
813, 217.262, 0.0212059673, 0.0029310132, 0.0000600889, 0.3141953945, 0.0241970699
814, 217.659, 0.0210165456, 0.0029489377, 0.0000553991, 0.3116049469, 0.0240208823
815, 218.057, 0.0210973267, 0.0029348214, 0.0000616198, 0.3134394288, 0.0240937676
816, 218.470, 0.0211855080, 0.0029055332, 0.0000633946, 0.3136183918, 0.0241544358
817, 218.862, 0.0211416278, 0.0029414820, 0.0000555969, 0.3118831813, 0.0241387058
818, 219.256, 0.0212545879, 0.0029290798, 0.0000531586, 0.3116189241, 0.0242368262
819, 219.663, 0.0210261978, 0.0028728782, 0.0000647934, 0.3113023639, 0.0239638705
820, 220.063, 0.0209552329, 0.0028734757, 0.0000712367, 0.3131947219, 0.0238999445
821, 220.483, 0.0208672304, 0.0029369846, 0.0000603495, 0.3107404411, 0.0238645654
822, 220.866, 0.0209762715, 0.0028874809, 0.0000592516, 0.3127113879, 0.0239230022
823, 221.258, 0.0211300589, 0.0028342621, 0.0000705903, 0.3120940328, 0.0240349118
824, 221.659, 0.0209052768, 0.0029074221, 0.0000650296, 0.3132077157, 0.0238777269
825, 222.059, 0.0210707970, 0.0028906614, 0.0000652581, 0.3123798072, 0.0240267161
826, 222.471, 0.0210853852, 0.0028129418, 0.0000687138, 0.3129549325, 0.0239670407
827, 222.865, 0.0206838120, 0.0028768764, 0.0000564908, 0.3124714196, 0.0236171782
828, 223.260, 0.0208182856, 0.0028644674, 0.0000597389, 0.3118162453, 0.0237424914
829, 223.663, 0.0207581017, 0.0028211623, 0.0000660878, 0.3124234378, 0.0236453526
830, 224.060, 0.0207851995, 0.0028510641, 0.0000568370, 0.3125719428, 0.0236930996
831, 224.467, 0.0206913631, 0.0028658754, 0.0000550281, 0.3116663396, 0.0236122664
832, 224.854, 0.0208218433, 0.0028180135, 0.0000594613, 0.3125374615, 0.0236993190
833, 225.259, 0.0204897709, 0.0027951424, 0.0000651208, 0.3121021986, 0.0233500339
834, 225.660, 0.0204114690, 0.0028602681, 0.0000574922, 0.3136554360, 0.0233292300
835, 226.094, 0.0205561407, 0.0027908594, 0.0000636834, 0.3118907809, 0.0234106835
836, 226.480, 0.0206506252, 0.0027417366, 0.0000706972, 0.3139640391, 0.0234630592
837, 226.861, 0.0206794515, 0.0028386856, 0.0000565687, 0.3145634532, 0.0235747062
838, 227.254, 0.0201291163, 0.0028286399, 0.0000571548, 0.3123337626, 0.0230149124
839, 227.655, 0.0206013583, 0.0027092276, 0.0000705269, 0.3118373752, 0.0233811140
840, 228.061, 0.0206443891, 0.0028080698, 0.0000584689, 0.3109720647, 0.0235109273
841, 228.493, 0.0207648277, 0.0028109723, 0.0000628500, 0.3127823472, 0.0236386489
842, 228.877, 0.0203688797, 0.0027095126, 0.0000727090, 0.3108818829, 0.0231511015
843, 229.281, 0.0203319956, 0.0027614059, 0.0000615560, 0.3141299784, 0.0231549591
844, 229.688, 0.0201441646, 0.0028072400, 0.0000564402, 0.3117038012, 0.0230078455
845, 230.264, 0.0202846266, 0.0027494959, 0.0000679287, 0.3133970499, 0.0231020506
846, 230.852, 0.0203837436, 0.0026896358, 0.0000782089, 0.3144294620, 0.0231515877
847, 231.261, 0.0201698486, 0.0027748679, 0.0000632382, 0.3121847510, 0.0230079554
848, 231.650, 0.0202942826, 0.0027457953, 0.0000657204, 0.3137629032, 0.0231057983
849, 232.063, 0.0201820284, 0.0026923341, 0.0000686689, 0.3130076230, 0.0229430310
850, 232.473, 0.0203437209, 0.0027218128, 0.0000661375, 0.3150754571, 0.0231316704
851, 232.857, 0.0201792270, 0.0027557185, 0.0000611401, 0.3172931075, 0.0229960848
852, 233.263, 0.0201580469, 0.0027421857, 0.0000606491, 0.3119611442, 0.0229608826
853, 233.662, 0.0203096960, 0.0026560554, 0.0000755795, 0.3146849275, 0.0230413303
854, 234.053, 0.0204354431, 0.0027402882, 0.0000622660, 0.3116895854, 0.0232379977
855, 234.475, 0.0201151762, 0.0027721997, 0.0000593399, 0.3131276071, 0.0229467154
856, 234.861, 0.0203233156, 0.0026263788, 0.0000815451, 0.3131080866, 0.0230312385
857, 235.259, 0.0200790465, 0.0026674687, 0.0000812345, 0.3131249547, 0.0228277482
858, 235.666, 0.0200004205, 0.0027350623, 0.0000676812, 0.3140410781, 0.0228031632
859, 236.062, 0.0199235491, 0.0026848530, 0.0000689798, 0.3129738569, 0.0226773825
860, 236.470, 0.0200262275, 0.0025889438, 0.0000836829, 0.3129360378, 0.0226988550
861, 236.858, 0.0198879484, 0.0027108905, 0.0000674273, 0.3127402067, 0.0226662662
862, 237.256, 0.0199070703, 0.0026993444, 0.0000711238, 0.3140619695, 0.0226775371
863, 237.655, 0.0198462009, 0.0025890088, 0.0000848535, 0.3123258948, 0.0225200634
864, 238.054, 0.0197636504, 0.0026337462, 0.0000728514, 0.3141498268, 0.0224702489
865, 238.463, 0.0197442714, 0.0026586833, 0.0000685850, 0.3164317906, 0.0224715397
866, 238.860, 0.0196054839, 0.0026206044, 0.0000799451, 0.3118709326, 0.0223060325
867, 239.260, 0.0200218856, 0.0025508020, 0.0000967872, 0.3120730519, 0.0226694737
868, 239.664, 0.0196737591, 0.0026409612, 0.0000726974, 0.3119985759, 0.0223874170
869, 240.055, 0.0197285824, 0.0026279215, 0.0000689424, 0.3129532933, 0.0224254467
870, 240.451, 0.0197770391, 0.0025496152, 0.0000805261, 0.3147296309, 0.0224071797
871, 240.853, 0.0198854879, 0.0025457032, 0.0000828545, 0.3141594827, 0.0225140452
872, 241.256, 0.0196657553, 0.0026362564, 0.0000686532, 0.3122326136, 0.0223706644
873, 241.651, 0.0194963794, 0.0025791333, 0.0000718665, 0.3133200407, 0.0221473798
874, 242.036, 0.0198052265, 0.0025137390, 0.0000844946, 0.3131817281, 0.0224034600
875, 242.458, 0.0199066047, 0.0025923897, 0.0000697520, 0.3147608042, 0.0225687474
876, 242.860, 0.0194708928, 0.0026175824, 0.0000705734, 0.3127347827, 0.0221590493
877, 243.252, 0.0197446998, 0.0025246337, 0.0000865534, 0.3147620857, 0.0223558862
878, 243.651, 0.0196169075, 0.0025087185, 0.0000833008, 0.3128984272, 0.0222089272
879, 244.055, 0.0193075035, 0.0025789959, 0.0000728273, 0.3139932454, 0.0219593272
880, 244.477, 0.0195085108, 0.0025312644, 0.0000817897, 0.3147298992, 0.0221215636
881, 244.865, 0.0196954533, 0.0024810939, 0.0000862739, 0.3144813180, 0.0222628210
882, 245.252, 0.0196476225, 0.0025268248, 0.0000771907, 0.3142966032, 0.0222516377
883, 245.654, 0.0193826258, 0.0025386272, 0.0000756547, 0.3121179640, 0.0219969079
884, 246.047, 0.0193865374, 0.0024801004, 0.0000856962, 0.3163383603, 0.0219523348
885, 246.457, 0.0192601644, 0.0024845470, 0.0000795054, 0.3140956461, 0.0218242165
886, 246.853, 0.0195604376, 0.0025159942, 0.0000785430, 0.3136096597, 0.0221549738
887, 247.258, 0.0195418093, 0.0024941948, 0.0000851108, 0.3142714500, 0.0221211165
888, 247.675, 0.0193785299, 0.0024545258, 0.0000843142, 0.3159062266, 0.0219173692
889, 248.053, 0.0192649830, 0.0024507190, 0.0000838373, 0.3140203655, 0.0217995401
890, 248.454, 0.0192691088, 0.0024783504, 0.0000817997, 0.3144509196, 0.0218292587
891, 248.855, 0.0191158149, 0.0024680782, 0.0000830806, 0.3150832653, 0.0216669738
892, 249.241, 0.0193578415, 0.0024069797, 0.0000885410, 0.3156699538, 0.0218533613
893, 249.654, 0.0194226615, 0.0024609552, 0.0000823450, 0.3131322861, 0.0219659619
894, 250.054, 0.0191255305, 0.0024529910, 0.0000806786, 0.3145861030, 0.0216591991
895, 250.465, 0.0190680511, 0.0023825439, 0.0000877359, 0.3139181137, 0.0215383302
896, 250.871, 0.0193077549, 0.0024417359, 0.0000846243, 0.3141720295, 0.0218341146
897, 251.252, 0.0188692100, 0.0024230748, 0.0000874116, 0.3146288693, 0.0213796962
898, 251.650, 0.0190404635, 0.0023582140, 0.0000958445, 0.3154285550, 0.0214945227
899, 252.056, 0.0190924611, 0.0023990865, 0.0000913867, 0.3157788515, 0.0215829350
900, 252.461, 0.0190617889, 0.0024172398, 0.0000769038, 0.3127716482, 0.0215559322
901, 252.855, 0.0194550548, 0.0023077596, 0.0000915929, 0.3153202534, 0.0218544081
902, 253.243, 0.0189888850, 0.0023910671, 0.0000839753, 0.3161625564, 0.0214639269
903, 253.670, 0.0188312028, 0.0023727668, 0.0000844426, 0.3145106137, 0.0212884117
904, 254.057, 0.0190406200, 0.0022812572, 0.0000971182, 0.3154261410, 0.0214189962
905, 254.466, 0.0188727267, 0.0023568140, 0.0000837553, 0.3133000135, 0.0213132966
906, 254.852, 0.0188645720, 0.0023465857, 0.0000891332, 0.3144476414, 0.0213002916
907, 255.247, 0.0188811198, 0.0022966557, 0.0000938340, 0.3161353767, 0.0212716106
908, 255.649, 0.0186783411, 0.0023374145, 0.0000869874, 0.3145706058, 0.0211027432
909, 256.040, 0.0188454501, 0.0023194405, 0.0000849747, 0.3137739599, 0.0212498643
910, 256.451, 0.0189239159, 0.0022485252, 0.0001003397, 0.3139246106, 0.0212727804
911, 256.852, 0.0188169163, 0.0023148707, 0.0000847474, 0.3156646192, 0.0212165341
912, 257.256, 0.0189009141, 0.0023206854, 0.0000858568, 0.3152814806, 0.0213074572
913, 257.655, 0.0186249670, 0.0022615169, 0.0000942940, 0.3150758147, 0.0209807791
914, 258.052, 0.0186107922, 0.0022488136, 0.0000970958, 0.3155741692, 0.0209567025
915, 258.456, 0.0185609087, 0.0023033747, 0.0000827308, 0.3142388761, 0.0209470149
916, 258.849, 0.0190008581, 0.0022297287, 0.0000951483, 0.3143707514, 0.0213257335
917, 259.243, 0.0185334105, 0.0021786978, 0.0001084031, 0.3133099377, 0.0208205096
918, 259.649, 0.0185544956, 0.0022596826, 0.0000888700, 0.3113523722, 0.0209030490
919, 260.057, 0.0183464177, 0.0022136080, 0.0000919592, 0.3118674457, 0.0206519850
920, 260.457, 0.0188383684, 0.0021188161, 0.0001038143, 0.3159483373, 0.0210609995
921, 260.887, 0.0186819788, 0.0022223131, 0.0000901473, 0.3147085905, 0.0209944379
922, 261.432, 0.0186491758, 0.0022475487, 0.0000851702, 0.3158451021, 0.0209818948
923, 261.852, 0.0186669361, 0.0021510262, 0.0000927975, 0.3147706389, 0.0209107585
924, 262.240, 0.0187339187, 0.0021683208, 0.0000887506, 0.3144529164, 0.0209909901
925, 262.651, 0.0184852798, 0.0022111780, 0.0000854400, 0.3130765855, 0.0207818970
926, 263.056, 0.0184301864, 0.0021471011, 0.0000961425, 0.3146075010, 0.0206734296
927, 263.450, 0.0185424648, 0.0021165796, 0.0000956707, 0.3132862747, 0.0207547154
928, 263.838, 0.0183755085, 0.0021450752, 0.0000898163, 0.3129180074, 0.0206103995
929, 264.240, 0.0184087735, 0.0021476382, 0.0000915250, 0.3114652336, 0.0206479374
930, 264.651, 0.0183801651, 0.0020655617, 0.0001045657, 0.3164918721, 0.0205502920
931, 265.047, 0.0183390640, 0.0021221028, 0.0000901971, 0.3130861819, 0.0205513630
932, 265.450, 0.0181774497, 0.0021053890, 0.0000869545, 0.3143749833, 0.0203697924
933, 265.859, 0.0182900634, 0.0020863249, 0.0000948532, 0.3162621260, 0.0204712413
934, 266.249, 0.0182552300, 0.0020592520, 0.0001004668, 0.3149964809, 0.0204149485
935, 266.845, 0.0183735695, 0.0020800594, 0.0000931670, 0.3149968684, 0.0205467958
936, 267.257, 0.0181698892, 0.0020541439, 0.0000939027, 0.3156775236, 0.0203179363
937, 267.835, 0.0183073860, 0.0020555526, 0.0000967812, 0.3159307837, 0.0204597190
938, 268.246, 0.0181414280, 0.0020469478, 0.0000894119, 0.3159559965, 0.0202777889
939, 268.647, 0.0183609687, 0.0020074339, 0.0000963568, 0.3144200146, 0.0204647593
940, 269.047, 0.0183510128, 0.0020232154, 0.0000975843, 0.3135315180, 0.0204718113
941, 269.457, 0.0181169510, 0.0020473921, 0.0000891619, 0.3148355186, 0.0202535037
942, 269.846, 0.0181467142, 0.0019967845, 0.0000917910, 0.3131448925, 0.0202352889
943, 270.401, 0.0181480423, 0.0019754958, 0.0001014445, 0.3151223958, 0.0202249829
944, 270.822, 0.0179171972, 0.0020191912, 0.0001013591, 0.3162951767, 0.0200377479
945, 271.252, 0.0179799274, 0.0019507828, 0.0001023710, 0.3162009120, 0.0200330820
946, 271.645, 0.0181585196, 0.0019284232, 0.0001019142, 0.3163413405, 0.0201888569
947, 272.054, 0.0180485938, 0.0020065666, 0.0000939629, 0.3139016330, 0.0201491229
948, 272.454, 0.0181046613, 0.0019176834, 0.0001006380, 0.3147242963, 0.0201229826
949, 272.848, 0.0180918872, 0.0018690013, 0.0001055243, 0.3152137101, 0.0200664122
950, 273.245, 0.0178518128, 0.0019938874, 0.0000884772, 0.3144240975, 0.0199341774
951, 273.649, 0.0180355646, 0.0018852472, 0.0001066303, 0.3134505749, 0.0200274419
952, 274.037, 0.0180659592, 0.0018044757, 0.0001139022, 0.3151869774, 0.0199843366
953, 274.459, 0.0180797800, 0.0019775855, 0.0000899846, 0.3120155931, 0.0201473497
954, 274.864, 0.0178159997, 0.0018839857, 0.0001031266, 0.3158367276, 0.0198031124
955, 275.252, 0.0180404261, 0.0017370892, 0.0001206195, 0.3172188997, 0.0198981352
956, 275.646, 0.0176460966, 0.0019483081, 0.0000924877, 0.3153284788, 0.0196868926
957, 276.048, 0.0176673066, 0.0018968071, 0.0001010346, 0.3133167326, 0.0196651500
958, 276.450, 0.0180191062, 0.0017040437, 0.0001233004, 0.3152135313, 0.0198464505
959, 276.849, 0.0176731180, 0.0018185255, 0.0001036764, 0.3148087859, 0.0195953194
960, 277.250, 0.0178907700, 0.0018646417, 0.0000997453, 0.3156658113, 0.0198551565
961, 277.650, 0.0176454522, 0.0017328507, 0.0001197432, 0.3170936406, 0.0194980465
962, 278.052, 0.0178122260, 0.0017557538, 0.0001070724, 0.3152895868, 0.0196750518
963, 278.452, 0.0176337492, 0.0017715554, 0.0001073016, 0.3148306906, 0.0195126068
964, 278.845, 0.0179548357, 0.0017139346, 0.0001180777, 0.3158605099, 0.0197868496
965, 279.246, 0.0177008491, 0.0017202008, 0.0001046694, 0.3170302808, 0.0195257198
966, 279.652, 0.0177528653, 0.0017561442, 0.0000975272, 0.3149128854, 0.0196065381
967, 280.039, 0.0176088195, 0.0017268942, 0.0001096792, 0.3159883916, 0.0194453932
968, 280.443, 0.0177599248, 0.0016505158, 0.0001169097, 0.3171184957, 0.0195273496
969, 280.841, 0.0178863611, 0.0017149027, 0.0001012838, 0.3136016428, 0.0197025463
970, 281.247, 0.0176665485, 0.0017126717, 0.0001037799, 0.3157414198, 0.0194830000
971, 281.644, 0.0176847111, 0.0016518990, 0.0001127825, 0.3151790798, 0.0194493942
972, 282.037, 0.0175196882, 0.0016693672, 0.0001043588, 0.3157272339, 0.0192934144
973, 282.446, 0.0174575001, 0.0016862917, 0.0000993011, 0.3151929975, 0.0192430932
974, 282.841, 0.0174691435, 0.0016067781, 0.0001140158, 0.3159809113, 0.0191899370
975, 283.236, 0.0175057948, 0.0016063529, 0.0001116157, 0.3177069724, 0.0192237627
976, 283.637, 0.0173691623, 0.0016359428, 0.0001039390, 0.3176962435, 0.0191090442
977, 284.037, 0.0175816454, 0.0015673104, 0.0001147558, 0.3157983422, 0.0192637108
978, 284.452, 0.0176089108, 0.0015732285, 0.0001159309, 0.3118095696, 0.0192980710
979, 284.839, 0.0175916348, 0.0015786202, 0.0001134091, 0.3168851435, 0.0192836635
980, 285.243, 0.0174731314, 0.0015802061, 0.0001048175, 0.3140854239, 0.0191581547
981, 285.648, 0.0174235534, 0.0015096229, 0.0001117122, 0.3146441877, 0.0190448891
982, 286.038, 0.0171965230, 0.0015342847, 0.0001091321, 0.3129985034, 0.0188399404
983, 286.455, 0.0173962135, 0.0015531064, 0.0001050763, 0.3166128993, 0.0190543961
984, 286.842, 0.0173777193, 0.0014668294, 0.0001213970, 0.3156696558, 0.0189659465
985, 287.235, 0.0173561871, 0.0014552983, 0.0001313410, 0.3163496256, 0.0189428255
986, 287.646, 0.0171231665, 0.0014988681, 0.0001209358, 0.3134731650, 0.0187429711
987, 288.039, 0.0172561649, 0.0014525839, 0.0001236802, 0.3145222664, 0.0188324284
988, 288.485, 0.0171258319, 0.0014239628, 0.0001233279, 0.3156785369, 0.0186731219
989, 288.898, 0.0171782933, 0.0014606576, 0.0001227991, 0.3132434785, 0.0187617503
990, 289.296, 0.0174649246, 0.0013943551, 0.0001313452, 0.3173173666, 0.0189906247
991, 289.899, 0.0173073206, 0.0014570437, 0.0001107650, 0.3161317110, 0.0188751295
992, 290.550, 0.0172531735, 0.0013902751, 0.0001173422, 0.3145656288, 0.0187607910
993, 291.086, 0.0171813015, 0.0013878465, 0.0001196074, 0.3125673532, 0.0186887551
994, 291.573, 0.0171993468, 0.0014067541, 0.0001253416, 0.3154532313, 0.0187314413
995, 292.047, 0.0170559380, 0.0014040268, 0.0001235481, 0.3160612881, 0.0185835119
996, 292.529, 0.0170166437, 0.0013609671, 0.0001277552, 0.3155272901, 0.0185053665
997, 293.054, 0.0171782635, 0.0013603399, 0.0001273340, 0.3153824806, 0.0186659377
998, 293.465, 0.0170295015, 0.0013825649, 0.0001145965, 0.3159033954, 0.0185266640
999, 293.843, 0.0171912238, 0.0013232384, 0.0001197425, 0.3149310648, 0.0186342038
